0	1651-1843	Oval	1835	1642	17	19	none	none	0	0	0	0	0
1	1782-1844	Oval	1832	1774	25	16	none	none	0	0	0	0	0
2	1606-1710	Oval	1701	1596	18	21	none	none	0	0	0	0	0
3	1673-1714	Oval	1703	1662	22	22	none	none	0	0	0	0	0
4	1598-1608	Oval	1597	1589	22	19	none	none	0	0	0	0	0
5	1633-1616	Oval	1606	1625	21	17	none	none	0	0	0	0	0
6	1652-1596	Oval	1587	1643	18	19	none	none	0	0	0	0	0
7	1611-1539	Oval	1531	1606	16	11	none	none	0	0	0	0	0
8	1631-1539	Oval	1533	1626	12	10	none	none	0	0	0	0	0
9	1671-1515	Oval	1508	1662	15	18	none	none	0	0	0	0	0
10	1691-1641	Oval	1632	1682	19	19	none	none	0	0	0	0	0
11	1694-1674	Oval	1663	1685	22	18	none	none	0	0	0	0	0
12	1769-1641	Oval	1631	1761	20	17	none	none	0	0	0	0	0
13	1779-1669	Oval	1659	1772	20	15	none	none	0	0	0	0	0
14	1902-1737	Oval	1727	1893	20	19	none	none	0	0	0	0	0
15	1938-1770	Oval	1760	1928	21	20	none	none	0	0	0	0	0
16	1943-1841	Oval	1832	1932	19	22	none	none	0	0	0	0	0
17	1968-1878	Oval	1867	1961	22	15	none	none	0	0	0	0	0
18	1896-1923	Oval	1913	1887	20	18	none	none	0	0	0	0	0
19	1803-1775	Oval	1766	1797	18	13	none	none	0	0	0	0	0
20	1797-1549	Oval	1535	1785	28	25	none	none	0	0	0	0	0
21	1781-1437	Oval	1426	1771	23	20	none	none	0	0	0	0	0
22	1716-1426	Oval	1415	1703	23	27	none	none	0	0	0	0	0
23	1769-1393	Oval	1380	1758	27	22	none	none	0	0	0	0	0
24	1737-1472	Oval	1461	1728	22	18	none	none	0	0	0	0	0
25	1807-1448	Oval	1441	1802	14	10	none	none	0	0	0	0	0
26	1825-1441	Oval	1433	1818	16	14	none	none	0	0	0	0	0
27	1859-1457	Oval	1447	1850	21	19	none	none	0	0	0	0	0
28	1835-1455	Oval	1449	1830	12	10	none	none	0	0	0	0	0
29	1890-1535	Oval	1523	1880	25	21	none	none	0	0	0	0	0
30	1886-1581	Oval	1571	1880	21	13	none	none	0	0	0	0	0
31	1913-1510	Oval	1503	1906	14	14	none	none	0	0	0	0	0
32	1924-1548	Oval	1538	1917	21	15	none	none	0	0	0	0	0
33	1948-1561	Oval	1551	1940	20	16	none	none	0	0	0	0	0
34	1951-1598	Oval	1588	1944	21	15	none	none	0	0	0	0	0
35	1925-1646	Oval	1636	1916	20	19	none	none	0	0	0	0	0
36	1506-1871	Oval	1859	1495	24	23	none	none	0	0	0	0	0
37	1547-1487	Oval	1477	1535	20	24	none	none	0	0	0	0	0
38	1929-1451	Oval	1443	1921	16	17	none	none	0	0	0	0	0
39	1933-1466	Oval	1461	1925	11	16	none	none	0	0	0	0	0
40	1939-1495	Oval	1489	1930	12	18	none	none	0	0	0	0	0
41	1962-1478	Oval	1468	1954	21	17	none	none	0	0	0	0	0
42	1971-1525	Oval	1517	1962	17	18	none	none	0	0	0	0	0
43	1996-1524	Oval	1508	1986	32	21	none	none	0	0	0	0	0
44	1957-1636	Oval	1629	1952	15	11	none	none	0	0	0	0	0
45	1969-1643	Oval	1630	1962	27	15	none	none	0	0	0	0	0
46	2035-1684	Oval	1676	2026	17	18	none	none	0	0	0	0	0
47	2088-1650	Oval	1637	2079	27	19	none	none	0	0	0	0	0
48	2037-1763	Oval	1755	2030	16	14	none	none	0	0	0	0	0
49	2055-1787	Oval	1777	2048	20	15	none	none	0	0	0	0	0
50	2034-1844	Oval	1837	2026	15	16	none	none	0	0	0	0	0
51	2002-1868	Oval	1857	1994	23	16	none	none	0	0	0	0	0
52	2041-1882	Oval	1874	2030	17	22	none	none	0	0	0	0	0
53	2191-1842	Oval	1834	2184	17	14	none	none	0	0	0	0	0
54	2092-1871	Oval	1861	2084	20	16	none	none	0	0	0	0	0
55	2176-1921	Oval	1910	2165	23	23	none	none	0	0	0	0	0
56	2260-1845	Oval	1835	2249	20	22	none	none	0	0	0	0	0
57	2203-1722	Oval	1713	2195	18	16	none	none	0	0	0	0	0
58	2198-1741	Oval	1731	2188	21	20	none	none	0	0	0	0	0
59	2284-1641	Oval	1629	2277	24	15	none	none	0	0	0	0	0
60	2286-1665	Oval	1657	2278	17	16	none	none	0	0	0	0	0
61	2331-1748	Oval	1737	2322	22	18	none	none	0	0	0	0	0
62	2349-1766	Oval	1756	2341	20	16	none	none	0	0	0	0	0
63	2351-1854	Oval	1843	2342	23	18	none	none	0	0	0	0	0
64	2268-1787	Oval	1775	2257	24	23	none	none	0	0	0	0	0
65	2371-1854	Oval	1845	2362	18	18	none	none	0	0	0	0	0
66	2337-1945	Oval	1935	2326	21	22	none	none	0	0	0	0	0
67	2287-1933	Oval	1924	2276	19	22	none	none	0	0	0	0	0
68	2262-1554	Oval	1545	2252	18	20	none	none	0	0	0	0	0
69	2241-1437	Oval	1429	2234	16	14	none	none	0	0	0	0	0
70	2114-1735	Oval	1724	2104	23	20	none	none	0	0	0	0	0
71	2390-1702	Oval	1693	2380	19	20	none	none	0	0	0	0	0
72	2447-1708	Oval	1695	2438	26	18	none	none	0	0	0	0	0
73	2481-1580	Oval	1567	2470	26	22	none	none	0	0	0	0	0
74	2575-1621	Oval	1607	2564	28	22	none	none	0	0	0	0	0
75	2629-1629	Oval	1620	2620	18	18	none	none	0	0	0	0	0
76	2635-1770	Oval	1759	2625	22	21	none	none	0	0	0	0	0
77	2485-1821	Oval	1813	2474	16	23	none	none	0	0	0	0	0
78	2410-1893	Oval	1885	2400	17	20	none	none	0	0	0	0	0
79	2396-1919	Oval	1907	2386	25	20	none	none	0	0	0	0	0
80	2426-1915	Oval	1907	2414	17	25	none	none	0	0	0	0	0
81	2497-1905	Oval	1897	2486	17	22	none	none	0	0	0	0	0
82	2535-1923	Oval	1911	2525	24	21	none	none	0	0	0	0	0
83	2524-1709	Oval	1699	2514	20	21	none	none	0	0	0	0	0
84	2413-1732	Oval	1725	2402	14	22	none	none	0	0	0	0	0
85	2475-1430	Oval	1423	2469	15	12	none	none	0	0	0	0	0
86	2525-1456	Oval	1441	2512	30	26	none	none	0	0	0	0	0
87	2209-1633	Oval	1624	2200	19	19	none	none	0	0	0	0	0
88	2207-1653	Oval	1647	2198	12	19	none	none	0	0	0	0	0
89	1895-1889	Oval	1880	1888	19	14	none	none	0	0	0	0	0
90	1877-1885	Oval	1877	1868	16	19	none	none	0	0	0	0	0
91	1440-1821	Oval	1809	1428	25	24	none	none	0	0	0	0	0
92	1416-1638	Oval	1627	1407	22	19	none	none	0	0	0	0	0
93	1380-1656	Oval	1645	1368	22	25	none	none	0	0	0	0	0
94	1355-1636	Oval	1625	1346	22	18	none	none	0	0	0	0	0
95	1279-1728	Oval	1719	1272	19	15	none	none	0	0	0	0	0
96	1225-1768	Oval	1759	1216	18	19	none	none	0	0	0	0	0
97	1198-1854	Oval	1847	1188	15	20	none	none	0	0	0	0	0
98	1251-1901	Oval	1892	1240	18	22	none	none	0	0	0	0	0
99	1252-1878	Oval	1866	1242	25	20	none	none	0	0	0	0	0
100	1216-1835	Oval	1823	1205	24	23	none	none	0	0	0	0	0
101	1157-1812	Oval	1803	1148	19	18	none	none	0	0	0	0	0
102	1093-1867	Oval	1858	1084	18	18	none	none	0	0	0	0	0
103	1105-1926	Oval	1915	1092	22	26	none	none	0	0	0	0	0
104	1117-1972	Oval	1963	1106	19	22	none	none	0	0	0	0	0
105	1033-1734	Oval	1724	1026	21	14	none	none	0	0	0	0	0
106	1019-1764	Oval	1757	1010	15	18	none	none	0	0	0	0	0
107	1070-1738	Oval	1725	1060	26	20	none	none	0	0	0	0	0
108	1102-1731	Oval	1722	1092	19	21	none	none	0	0	0	0	0
109	1098-1626	Oval	1613	1090	27	16	none	none	0	0	0	0	0
110	1172-1607	Oval	1597	1161	20	23	none	none	0	0	0	0	0
111	1234-1577	Oval	1568	1226	19	17	none	none	0	0	0	0	0
112	1375-1489	Oval	1477	1366	24	19	none	none	0	0	0	0	0
113	1413-1466	Oval	1455	1405	22	17	none	none	0	0	0	0	0
114	1459-1440	Oval	1429	1449	23	20	none	none	0	0	0	0	0
115	1376-1739	Oval	1723	1362	33	29	none	none	0	0	0	0	0
116	1325-1773	Oval	1763	1314	20	23	none	none	0	0	0	0	0
117	1147-1658	Oval	1647	1136	22	23	none	none	0	0	0	0	0
118	1200-1670	Oval	1659	1186	22	29	none	none	0	0	0	0	0
119	1265-1685	Oval	1673	1254	24	22	none	none	0	0	0	0	0
120	1218-1745	Oval	1737	1208	16	20	none	none	0	0	0	0	0
121	1249-1632	Oval	1623	1240	18	18	none	none	0	0	0	0	0
122	1338-1546	Oval	1538	1328	16	20	none	none	0	0	0	0	0
123	1367-1543	Oval	1534	1358	19	18	none	none	0	0	0	0	0
124	1042-1866	Oval	1858	1032	17	20	none	none	0	0	0	0	0
125	1071-1877	Oval	1868	1063	18	17	none	none	0	0	0	0	0
126	1110-1507	Oval	1495	1102	24	16	none	none	0	0	0	0	0
127	1092-1476	Oval	1465	1081	22	23	none	none	0	0	0	0	0
128	1050-1537	Oval	1527	1038	20	24	none	none	0	0	0	0	0
129	1047-1446	Oval	1435	1039	23	17	none	none	0	0	0	0	0
130	1026-1446	Oval	1435	1018	22	17	none	none	0	0	0	0	0
131	1324-1715	Oval	1705	1314	20	20	none	none	0	0	0	0	0
132	1353-1695	Oval	1686	1346	18	14	none	none	0	0	0	0	0
133	1356-1678	Oval	1671	1350	14	12	none	none	0	0	0	0	0
134	1379-1685	Oval	1676	1368	19	23	none	none	0	0	0	0	0
135	1601-1515	Oval	1505	1592	20	18	none	none	0	0	0	0	0
136	1543-1729	Oval	1723	1536	13	15	none	none	0	0	0	0	0
137	1534-1715	Oval	1710	1528	11	12	none	none	0	0	0	0	0
138	1546-1854	Oval	1844	1539	21	15	none	none	0	0	0	0	0
139	1704-1739	Oval	1733	1698	12	13	none	none	0	0	0	0	0
140	1718-1747	Oval	1741	1712	13	12	none	none	0	0	0	0	0
141	1892-1695	Oval	1687	1884	17	16	none	none	0	0	0	0	0
142	1923-1715	Oval	1708	1916	15	15	none	none	0	0	0	0	0
143	2002-1811	Oval	1803	1996	16	12	none	none	0	0	0	0	0
144	2019-1825	Oval	1818	2011	14	16	none	none	0	0	0	0	0
145	1874-1377	Oval	1368	1866	19	16	none	none	0	0	0	0	0
146	1828-1338	Oval	1329	1821	18	15	none	none	0	0	0	0	0
147	1833-1308	Oval	1300	1826	17	15	none	none	0	0	0	0	0
148	1760-1295	Oval	1287	1754	17	13	none	none	0	0	0	0	0
149	1713-1226	Oval	1214	1706	24	15	none	none	0	0	0	0	0
150	1671-1206	Oval	1194	1662	24	18	none	none	0	0	0	0	0
151	1603-1234	Oval	1222	1596	25	14	none	none	0	0	0	0	0
152	1791-1223	Oval	1213	1784	20	14	none	none	0	0	0	0	0
153	1815-1232	Oval	1225	1808	15	14	none	none	0	0	0	0	0
154	1814-1187	Oval	1179	1806	17	17	none	none	0	0	0	0	0
155	1948-1366	Oval	1354	1938	25	20	none	none	0	0	0	0	0
156	1901-1369	Oval	1361	1892	17	18	none	none	0	0	0	0	0
157	1912-1229	Oval	1219	1902	20	20	none	none	0	0	0	0	0
158	2041-1361	Oval	1345	2031	32	20	none	none	0	0	0	0	0
159	2157-1342	Oval	1331	2148	22	18	none	none	0	0	0	0	0
160	2131-1251	Oval	1241	2122	21	18	none	none	0	0	0	0	0
161	2153-1269	Oval	1261	2146	17	15	none	none	0	0	0	0	0
162	2028-1226	Oval	1215	2018	22	21	none	none	0	0	0	0	0
163	1975-1184	Oval	1176	1968	16	14	none	none	0	0	0	0	0
164	2112-1199	Oval	1190	2101	18	23	none	none	0	0	0	0	0
165	2216-1114	Oval	1105	2206	19	20	none	none	0	0	0	0	0
166	1782-1166	Oval	1155	1772	22	20	none	none	0	0	0	0	0
167	1825-1373	Oval	1365	1814	16	22	none	none	0	0	0	0	0
168	1530-1199	Oval	1186	1522	27	16	none	none	0	0	0	0	0
169	1544-1170	Oval	1157	1535	26	19	none	none	0	0	0	0	0
170	1578-1139	Oval	1124	1568	31	21	none	none	0	0	0	0	0
171	1519-1114	Oval	1106	1508	17	23	none	none	0	0	0	0	0
172	1511-1084	Oval	1072	1498	25	26	none	none	0	0	0	0	0
173	1566-1027	Oval	1013	1554	29	24	none	none	0	0	0	0	0
174	1597-1177	Oval	1168	1586	19	22	none	none	0	0	0	0	0
175	1833-1056	Oval	1041	1822	30	22	none	none	0	0	0	0	0
176	1884-1082	Oval	1068	1876	28	17	none	none	0	0	0	0	0
177	1846-1139	Oval	1129	1831	20	30	none	none	0	0	0	0	0
178	1763-1077	Oval	1069	1754	17	18	none	none	0	0	0	0	0
179	1756-1053	Oval	1047	1749	13	15	none	none	0	0	0	0	0
180	1777-1056	Oval	1047	1770	19	14	none	none	0	0	0	0	0
181	1740-1102	Oval	1094	1732	16	17	none	none	0	0	0	0	0
182	1733-1075	Oval	1063	1722	24	22	none	none	0	0	0	0	0
183	1687-1098	Oval	1090	1678	16	18	none	none	0	0	0	0	0
184	1753-1134	Oval	1126	1745	17	17	none	none	0	0	0	0	0
185	1710-1125	Oval	1116	1700	19	20	none	none	0	0	0	0	0
186	1571-1999	Oval	1988	1563	23	17	none	none	0	0	0	0	0
187	1542-1966	Oval	1959	1534	15	16	none	none	0	0	0	0	0
188	1560-1926	Oval	1914	1553	24	14	none	none	0	0	0	0	0
189	1582-1943	Oval	1933	1574	20	17	none	none	0	0	0	0	0
190	1613-1896	Oval	1889	1607	15	13	none	none	0	0	0	0	0
191	1652-1999	Oval	1990	1644	19	17	none	none	0	0	0	0	0
192	1662-2118	Oval	2106	1651	24	23	none	none	0	0	0	0	0
193	1595-2091	Oval	2082	1587	19	16	none	none	0	0	0	0	0
194	1609-2120	Oval	2111	1599	19	20	none	none	0	0	0	0	0
195	1707-1918	Oval	1911	1699	15	17	none	none	0	0	0	0	0
196	1704-1893	Oval	1883	1697	21	14	none	none	0	0	0	0	0
197	1689-1923	Oval	1914	1682	18	15	none	none	0	0	0	0	0
198	1776-1941	Oval	1930	1767	23	18	none	none	0	0	0	0	0
199	1762-1976	Oval	1967	1753	19	18	none	none	0	0	0	0	0
200	1846-2060	Oval	2051	1835	18	23	none	none	0	0	0	0	0
201	1876-1992	Oval	1977	1869	31	15	none	none	0	0	0	0	0
202	1883-2024	Oval	2014	1872	20	22	none	none	0	0	0	0	0
203	1931-1976	Oval	1965	1923	22	16	none	none	0	0	0	0	0
204	1924-2066	Oval	2055	1913	22	22	none	none	0	0	0	0	0
205	2042-2009	Oval	1997	2032	24	21	none	none	0	0	0	0	0
206	2067-2021	Oval	2011	2058	21	19	none	none	0	0	0	0	0
207	1991-2021	Oval	2012	1983	19	16	none	none	0	0	0	0	0
208	2102-2113	Oval	2102	2091	23	23	none	none	0	0	0	0	0
209	2089-2150	Oval	2142	2081	16	17	none	none	0	0	0	0	0
210	2139-2020	Oval	2009	2130	23	18	none	none	0	0	0	0	0
211	2175-2005	Oval	1994	2167	23	17	none	none	0	0	0	0	0
212	2164-1634	Oval	1620	2153	29	22	none	none	0	0	0	0	0
213	2273-2000	Oval	1984	2260	32	27	none	none	0	0	0	0	0
214	2268-2087	Oval	2079	2258	17	20	none	none	0	0	0	0	0
215	2391-2031	Oval	2018	2382	27	18	none	none	0	0	0	0	0
216	2289-2147	Oval	2139	2281	17	17	none	none	0	0	0	0	0
217	2252-2102	Oval	2092	2242	20	20	none	none	0	0	0	0	0
218	2303-2241	Oval	2232	2293	18	21	none	none	0	0	0	0	0
219	2022-2114	Oval	2105	2011	18	22	none	none	0	0	0	0	0
220	1927-2227	Oval	2218	1917	19	20	none	none	0	0	0	0	0
221	1998-2173	Oval	2165	1990	16	16	none	none	0	0	0	0	0
222	2021-2191	Oval	2181	2013	20	16	none	none	0	0	0	0	0
223	2041-2194	Oval	2181	2033	27	16	none	none	0	0	0	0	0
224	2113-2244	Oval	2233	2103	22	21	none	none	0	0	0	0	0
225	2107-2161	Oval	2151	2098	20	19	none	none	0	0	0	0	0
226	2008-2075	Oval	2068	1999	14	18	none	none	0	0	0	0	0
227	1903-2166	Oval	2158	1895	16	16	none	none	0	0	0	0	0
228	1910-2143	Oval	2132	1897	23	26	none	none	0	0	0	0	0
229	1974-2095	Oval	2086	1966	19	17	none	none	0	0	0	0	0
230	1751-2241	Oval	2230	1743	22	17	none	none	0	0	0	0	0
231	1765-2278	Oval	2264	1754	28	23	none	none	0	0	0	0	0
232	1756-2325	Oval	2318	1750	15	13	none	none	0	0	0	0	0
233	1763-2308	Oval	2299	1754	19	18	none	none	0	0	0	0	0
234	1811-2340	Oval	2329	1801	23	20	none	none	0	0	0	0	0
235	1794-2410	Oval	2394	1781	32	26	none	none	0	0	0	0	0
236	1856-2325	Oval	2307	1844	37	25	none	none	0	0	0	0	0
237	1717-2189	Oval	2178	1707	22	21	none	none	0	0	0	0	0
238	1741-2174	Oval	2162	1730	24	23	none	none	0	0	0	0	0
239	1652-2227	Oval	2216	1643	23	18	none	none	0	0	0	0	0
240	1651-2286	Oval	2276	1640	21	22	none	none	0	0	0	0	0
241	1681-2487	Oval	2475	1673	24	17	none	none	0	0	0	0	0
242	1710-2483	Oval	2469	1700	29	20	none	none	0	0	0	0	0
243	1837-2480	Oval	2466	1821	29	32	none	none	0	0	0	0	0
244	1913-2464	Oval	2446	1899	36	28	none	none	0	0	0	0	0
245	1705-2031	Oval	2018	1695	26	20	none	none	0	0	0	0	0
246	1534-2197	Oval	2179	1521	36	27	none	none	0	0	0	0	0
247	1561-2310	Oval	2296	1549	29	25	none	none	0	0	0	0	0
248	1555-2394	Oval	2378	1541	32	28	none	none	0	0	0	0	0
249	1587-2360	Oval	2348	1577	25	20	none	none	0	0	0	0	0
250	1604-2410	Oval	2395	1594	31	21	none	none	0	0	0	0	0
251	1712-2354	Oval	2340	1701	28	22	none	none	0	0	0	0	0
252	1712-2248	Oval	2238	1701	20	22	none	none	0	0	0	0	0
253	1805-2190	Oval	2182	1797	17	16	none	none	0	0	0	0	0
254	1832-2190	Oval	2178	1822	24	21	none	none	0	0	0	0	0
255	1855-2180	Oval	2173	1845	15	21	none	none	0	0	0	0	0
256	1459-2426	Oval	2412	1451	29	16	none	none	0	0	0	0	0
257	1430-2457	Oval	2447	1419	21	22	none	none	0	0	0	0	0
258	2386-1399	Oval	1382	2367	35	38	none	none	0	0	0	0	0
259	2435-1773	Oval	1766	2423	14	25	none	none	0	0	0	0	0
260	2422-1749	Oval	1744	2414	11	16	none	none	0	0	0	0	0
261	2479-1787	Oval	1780	2471	15	16	none	none	0	0	0	0	0
262	2504-1789	Oval	1776	2495	26	19	none	none	0	0	0	0	0
263	2452-1388	Oval	1378	2443	20	19	none	none	0	0	0	0	0
264	2434-1328	Oval	1317	2422	23	24	none	none	0	0	0	0	0
265	2464-1335	Oval	1321	2456	28	16	none	none	0	0	0	0	0
266	2483-1364	Oval	1355	2475	19	17	none	none	0	0	0	0	0
267	2411-1357	Oval	1349	2403	17	17	none	none	0	0	0	0	0
268	1442-1324	Oval	1306	1428	37	29	none	none	0	0	0	0	0
269	1205-1367	Oval	1356	1191	23	29	none	none	0	0	0	0	0
270	1133-1385	Oval	1378	1125	15	17	none	none	0	0	0	0	0
271	1147-1401	Oval	1390	1138	23	19	none	none	0	0	0	0	0
272	1329-1211	Oval	1199	1319	24	21	none	none	0	0	0	0	0
273	1288-1327	Oval	1315	1280	24	17	none	none	0	0	0	0	0
274	1356-1129	Oval	1114	1345	30	22	none	none	0	0	0	0	0
275	1393-2112	Oval	2096	1378	32	31	none	none	0	0	0	0	0
276	1132-2097	Oval	2083	1120	29	24	none	none	0	0	0	0	0
277	1092-2148	Oval	2139	1083	19	18	none	none	0	0	0	0	0
278	1191-2206	Oval	2199	1182	15	18	none	none	0	0	0	0	0
279	1167-2308	Oval	2295	1157	26	21	none	none	0	0	0	0	0
280	1061-2023	Oval	2010	1051	26	20	none	none	0	0	0	0	0
281	1070-1950	Oval	1938	1059	24	23	none	none	0	0	0	0	0
282	1027-1962	Oval	1942	1016	41	22	none	none	0	0	0	0	0
283	1185-1990	Oval	1981	1178	18	15	none	none	0	0	0	0	0
284	1289-2049	Oval	2034	1271	31	37	none	none	0	0	0	0	0
285	1297-1584	Oval	1573	1286	22	23	none	none	0	0	0	0	0
286	1342-1598	Oval	1589	1332	19	21	none	none	0	0	0	0	0
287	1224-1528	Oval	1517	1209	22	30	none	none	0	0	0	0	0
288	1126-1712	Oval	1705	1119	14	15	none	none	0	0	0	0	0
289	1146-1739	Oval	1732	1137	14	18	none	none	0	0	0	0	0
290	1137-1725	Oval	1718	1129	14	17	none	none	0	0	0	0	0
291	1032-1649	Oval	1638	1023	23	18	none	none	0	0	0	0	0
292	1055-1774	Oval	1765	1045	18	20	none	none	0	0	0	0	0
293	1050-1822	Oval	1813	1034	18	32	none	none	0	0	0	0	0
294	1044-2082	Oval	2072	1034	21	21	none	none	0	0	0	0	0
295	1092-2068	Oval	2054	1080	28	24	none	none	0	0	0	0	0
296	1087-1784	Oval	1775	1079	19	17	none	none	0	0	0	0	0
297	1901-1454	Oval	1440	1889	28	24	none	none	0	0	0	0	0
298	1978-1551	Oval	1542	1970	19	17	none	none	0	0	0	0	0
299	2020-1567	Oval	1555	2010	24	21	none	none	0	0	0	0	0
300	2139-1561	Oval	1549	2125	24	29	none	none	0	0	0	0	0
301	2168-1377	Oval	1363	2156	28	24	none	none	0	0	0	0	0
302	2373-1539	Oval	1527	2361	24	24	none	none	0	0	0	0	0
303	2136-1339	Oval	1328	2129	23	15	none	none	0	0	0	0	0
304	2192-1335	Oval	1326	2182	18	20	none	none	0	0	0	0	0
305	1630-1437	Oval	1426	1617	23	26	none	none	0	0	0	0	0
306	1469-1673	Oval	1660	1456	26	26	none	none	0	0	0	0	0
307	1787-2023	Oval	2009	1772	29	30	none	none	0	0	0	0	0
308	1425-2216	Oval	2203	1414	26	22	none	none	0	0	0	0	0
309	1228-2131	Oval	2122	1215	19	27	none	none	0	0	0	0	0
310	1278-2209	Oval	2200	1267	18	22	none	none	0	0	0	0	0
311	1302-2233	Oval	2224	1290	18	24	none	none	0	0	0	0	0
312	1279-2246	Oval	2237	1271	19	16	none	none	0	0	0	0	0
313	1379-1996	Oval	1983	1366	26	26	none	none	0	0	0	0	0
314	1347-1986	Oval	1973	1339	26	17	none	none	0	0	0	0	0
315	1354-1952	Oval	1943	1343	19	22	none	none	0	0	0	0	0
316	1267-1999	Oval	1990	1256	18	23	none	none	0	0	0	0	0
317	1396-1943	Oval	1930	1386	27	20	none	none	0	0	0	0	0
318	1432-1915	Oval	1906	1422	19	21	none	none	0	0	0	0	0
319	1500-1757	Oval	1750	1490	15	20	none	none	0	0	0	0	0
320	1731-1628	Oval	1619	1722	19	19	none	none	0	0	0	0	0
321	1796-1737	Oval	1730	1790	15	13	none	none	0	0	0	0	0
322	1698-1605	Oval	1599	1692	13	13	none	none	0	0	0	0	0
323	1723-1501	Oval	1495	1719	13	8	none	none	0	0	0	0	0
324	1736-1512	Oval	1505	1732	14	9	none	none	0	0	0	0	0
325	1714-1623	Oval	1616	1709	14	11	none	none	0	0	0	0	0
326	2078-1713	Oval	1704	2071	18	14	none	none	0	0	0	0	0
327	2090-1738	Oval	1729	2083	19	15	none	none	0	0	0	0	0
328	2056-1668	Oval	1659	2048	19	16	none	none	0	0	0	0	0
329	1985-1644	Oval	1635	1980	18	11	none	none	0	0	0	0	0
330	2153-1765	Oval	1759	2147	12	13	none	none	0	0	0	0	0
331	2162-1776	Oval	1770	2155	12	15	none	none	0	0	0	0	0
332	1915-1392	Oval	1382	1907	20	17	none	none	0	0	0	0	0
333	1859-1325	Oval	1316	1851	19	17	none	none	0	0	0	0	0
334	1850-1301	Oval	1294	1844	15	13	none	none	0	0	0	0	0
335	1871-1312	Oval	1306	1864	12	15	none	none	0	0	0	0	0
336	1745-1353	Oval	1343	1738	20	15	none	none	0	0	0	0	0
337	1715-1350	Oval	1339	1707	22	16	none	none	0	0	0	0	0
338	1621-1400	Oval	1393	1614	15	14	none	none	0	0	0	0	0
339	1615-1414	Oval	1406	1608	17	15	none	none	0	0	0	0	0
340	1349-1466	Oval	1459	1342	15	15	none	none	0	0	0	0	0
341	1164-1422	Oval	1413	1157	19	14	none	none	0	0	0	0	0
342	1259-1297	Oval	1281	1248	33	22	none	none	0	0	0	0	0
343	0905-1584	Oval	1572	898	25	15	none	none	0	0	0	0	0
344	0988-1439	Oval	1428	980	23	16	none	none	0	0	0	0	0
345	0976-1418	Oval	1411	970	14	12	none	none	0	0	0	0	0
346	0996-1412	Oval	1404	989	16	14	none	none	0	0	0	0	0
347	1000-1344	Oval	1331	988	27	24	none	none	0	0	0	0	0
348	1049-1341	Oval	1331	1040	21	19	none	none	0	0	0	0	0
349	1222-2061	Oval	2055	1216	13	13	none	none	0	0	0	0	0
350	1229-2034	Oval	2029	1225	11	9	none	none	0	0	0	0	0
351	1241-2024	Oval	2018	1233	13	17	none	none	0	0	0	0	0
352	1427-1870	Oval	1861	1418	18	19	none	none	0	0	0	0	0
353	1636-1902	Oval	1895	1628	15	16	none	none	0	0	0	0	0
354	1591-2009	Oval	1998	1582	22	19	none	none	0	0	0	0	0
355	1690-2273	Oval	2264	1685	19	11	none	none	0	0	0	0	0
356	1517-2317	Oval	2304	1507	26	21	none	none	0	0	0	0	0
357	1436-2366	Oval	2358	1429	17	14	none	none	0	0	0	0	0
358	1421-2397	Oval	2388	1412	19	18	none	none	0	0	0	0	0
359	1612-2442	Oval	2434	1605	16	15	none	none	0	0	0	0	0
360	1547-2479	Oval	2471	1537	17	21	none	none	0	0	0	0	0
361	1555-2428	Oval	2421	1548	15	15	none	none	0	0	0	0	0
362	1539-2425	Oval	2417	1533	17	12	none	none	0	0	0	0	0
363	1524-2431	Oval	2422	1516	18	16	none	none	0	0	0	0	0
364	1993-2249	Oval	2241	1985	16	17	none	none	0	0	0	0	0
365	2020-2275	Oval	2266	2011	19	18	none	none	0	0	0	0	0
366	2048-2261	Oval	2250	2040	22	16	none	none	0	0	0	0	0
367	2027-2238	Oval	2232	2021	12	12	none	none	0	0	0	0	0
368	2020-2224	Oval	2217	2013	14	15	none	none	0	0	0	0	0
369	2123-2088	Oval	2079	2115	19	17	none	none	0	0	0	0	0
370	1965-2019	Oval	2010	1958	19	15	none	none	0	0	0	0	0
371	1990-2052	Oval	2044	1982	16	17	none	none	0	0	0	0	0
372	2105-1964	Oval	1953	2096	22	19	none	none	0	0	0	0	0
373	2163-1938	Oval	1930	2156	17	15	none	none	0	0	0	0	0
374	2181-1822	Oval	1814	2175	17	13	none	none	0	0	0	0	0
375	2075-1862	Oval	1854	2070	17	11	none	none	0	0	0	0	0
376	2067-1761	Oval	1754	2061	15	13	none	none	0	0	0	0	0
377	2121-1668	Oval	1658	2114	21	15	none	none	0	0	0	0	0
378	2381-1577	Oval	1563	2370	28	22	none	none	0	0	0	0	0
379	2567-1547	Oval	1535	2555	24	25	none	none	0	0	0	0	0
380	2508-1387	Oval	1379	2501	17	15	none	none	0	0	0	0	0
381	2429-1380	Oval	1372	2422	17	15	none	none	0	0	0	0	0
382	2484-1446	Oval	1435	2475	23	18	none	none	0	0	0	0	0
383	2617-1465	Oval	1454	2608	23	19	none	none	0	0	0	0	0
384	2497-1730	Oval	1722	2491	16	13	none	none	0	0	0	0	0
385	2449-1796	Oval	1789	2442	15	14	none	none	0	0	0	0	0
386	2517-1756	Oval	1748	2511	16	13	none	none	0	0	0	0	0
387	2539-1825	Oval	1815	2532	20	14	none	none	0	0	0	0	0
388	2572-1816	Oval	1809	2562	15	21	none	none	0	0	0	0	0
389	2600-2001	Oval	1991	2591	20	18	none	none	0	0	0	0	0
390	2500-2047	Oval	2033	2491	28	19	none	none	0	0	0	0	0
391	2282-1958	Oval	1950	2274	17	17	none	none	0	0	0	0	0
392	2254-1942	Oval	1934	2247	16	15	none	none	0	0	0	0	0
393	2267-1911	Oval	1901	2260	20	15	none	none	0	0	0	0	0
394	2250-1901	Oval	1893	2244	16	13	none	none	0	0	0	0	0
395	1936-1894	Oval	1884	1927	20	18	none	none	0	0	0	0	0
396	1816-1932	Oval	1922	1807	21	19	none	none	0	0	0	0	0
397	1583-1853	Oval	1847	1576	13	14	none	none	0	0	0	0	0
398	1481-1522	Oval	1514	1472	17	18	none	none	0	0	0	0	0
399	1391-1327	Oval	1318	1385	18	13	none	none	0	0	0	0	0
400	1308-1326	Oval	1317	1299	19	18	none	none	0	0	0	0	0
401	0988-1724	Oval	1716	981	16	14	none	none	0	0	0	0	0
402	1050-1648	Oval	1641	1045	14	11	none	none	0	0	0	0	0
403	1065-1641	Oval	1632	1058	18	15	none	none	0	0	0	0	0
404	1168-1989	Oval	1979	1161	20	14	none	none	0	0	0	0	0
405	1566-1754	Oval	1746	1556	17	20	none	none	0	0	0	0	0
406	1869-1596	Oval	1588	1861	16	16	none	none	0	0	0	0	0
407	2041-1200	Oval	1193	2035	14	13	none	none	0	0	0	0	0
408	1993-1260	Oval	1253	1986	15	15	none	none	0	0	0	0	0
409	2072-1140	Oval	1131	2064	18	16	none	none	0	0	0	0	0
410	2092-1165	Oval	1155	2083	21	19	none	none	0	0	0	0	0
411	2183-1219	Oval	1211	2176	16	15	none	none	0	0	0	0	0
412	2075-1099	Oval	1091	2067	17	16	none	none	0	0	0	0	0
413	1972-1149	Oval	1142	1964	14	17	none	none	0	0	0	0	0
414	1944-1153	Oval	1146	1937	14	15	none	none	0	0	0	0	0
415	1880-1123	Oval	1117	1873	13	14	none	none	0	0	0	0	0
416	1835-1244	Oval	1238	1827	13	16	none	none	0	0	0	0	0
417	1849-1169	Oval	1163	1844	12	11	none	none	0	0	0	0	0
418	2002-1098	Oval	1089	1994	18	16	none	none	0	0	0	0	0
419	2016-1039	Oval	1028	2008	22	17	none	none	0	0	0	0	0
420	2080-1029	Oval	1019	2071	21	18	none	none	0	0	0	0	0
421	2114-1044	Oval	1035	2107	18	15	none	none	0	0	0	0	0
422	1946-1121	Oval	1114	1939	14	15	none	none	0	0	0	0	0
423	1906-0986	Oval	978	1899	16	15	none	none	0	0	0	0	0
424	1960-0981	Oval	973	1954	17	13	none	none	0	0	0	0	0
425	2022-0976	Oval	965	2014	23	17	none	none	0	0	0	0	0
426	2236-1230	Oval	1220	2228	20	16	none	none	0	0	0	0	0
427	2210-1291	Oval	1283	2199	17	23	none	none	0	0	0	0	0
428	2217-1214	Oval	1205	2210	19	14	none	none	0	0	0	0	0
429	2198-1177	Oval	1169	2193	16	10	none	none	0	0	0	0	0
430	2215-1182	Oval	1174	2208	17	14	none	none	0	0	0	0	0
431	2044-1493	Oval	1487	2037	12	14	none	none	0	0	0	0	0
432	2047-1478	Oval	1470	2039	17	17	none	none	0	0	0	0	0
433	1668-1281	Oval	1272	1658	19	21	none	none	0	0	0	0	0
434	1790-0997	Oval	988	1782	19	16	none	none	0	0	0	0	0
435	1788-0979	Oval	975	1781	9	15	none	none	0	0	0	0	0
436	1875-1235	Oval	1226	1866	18	18	none	none	0	0	0	0	0
437	1849-0963	Oval	953	1842	21	15	none	none	0	0	0	0	0
438	1399-1438	Oval	1428	1389	20	20	none	none	0	0	0	0	0
439	2331-1353	Oval	1345	2323	17	16	none	none	0	0	0	0	0
440	2335-1252	Oval	1245	2330	14	11	none	none	0	0	0	0	0
441	2351-1253	Oval	1245	2344	17	14	none	none	0	0	0	0	0
442	1496-2118	Oval	2110	1487	17	18	none	none	0	0	0	0	0
443	1556-2168	Oval	2158	1546	21	20	none	none	0	0	0	0	0
444	1599-2260	Oval	2254	1592	13	15	none	none	0	0	0	0	0
445	1599-2274	Oval	2270	1593	9	13	none	none	0	0	0	0	0
446	1149-1883	Oval	1875	1141	17	17	none	none	0	0	0	0	0
447	1267-1923	Oval	1919	1262	9	11	none	none	0	0	0	0	0
448	1249-2107	Oval	2100	1242	15	15	none	none	0	0	0	0	0
449	1357-1717	Oval	1712	1351	10	13	none	none	0	0	0	0	0
450	1342-1721	Oval	1715	1338	12	9	none	none	0	0	0	0	0
451	1291-1835	Oval	1827	1284	16	14	none	none	0	0	0	0	0
452	1245-1686	Oval	1676	1240	21	11	none	none	0	0	0	0	0
453	1162-1789	Oval	1783	1157	13	11	none	none	0	0	0	0	0
454	1499-1779	Oval	1774	1491	11	16	none	none	0	0	0	0	0
455	1493-1592	Oval	1583	1484	19	19	none	none	0	0	0	0	0
456	1521-1588	Oval	1578	1509	20	24	none	none	0	0	0	0	0
457	1564-1619	Oval	1611	1559	16	11	none	none	0	0	0	0	0
458	1528-1645	Oval	1638	1519	14	18	none	none	0	0	0	0	0
459	1718-1692	Oval	1686	1709	12	18	none	none	0	0	0	0	0
460	1671-1861	Oval	1853	1663	16	16	none	none	0	0	0	0	0
461	1778-1917	Oval	1911	1772	12	12	none	none	0	0	0	0	0
462	1844-1894	Oval	1888	1838	13	12	none	none	0	0	0	0	0
463	1882-1862	Oval	1855	1875	14	14	none	none	0	0	0	0	0
464	1827-1855	Oval	1848	1820	14	15	none	none	0	0	0	0	0
465	1807-1838	Oval	1832	1801	13	13	none	none	0	0	0	0	0
466	1725-1556	Oval	1549	1719	14	13	none	none	0	0	0	0	0
467	1682-1505	Oval	1500	1678	10	8	none	none	0	0	0	0	0
468	1892-1605	Oval	1596	1883	19	19	none	none	0	0	0	0	0
469	1854-1766	Oval	1759	1847	15	14	none	none	0	0	0	0	0
470	1980-1619	Oval	1612	1973	14	15	none	none	0	0	0	0	0
471	2053-1566	Oval	1557	2046	19	15	none	none	0	0	0	0	0
472	2078-1627	Oval	1620	2071	14	14	none	none	0	0	0	0	0
473	2070-1466	Oval	1454	2063	24	14	none	none	0	0	0	0	0
474	2241-1539	Oval	1531	2236	16	10	none	none	0	0	0	0	0
475	2213-1388	Oval	1380	2206	17	14	none	none	0	0	0	0	0
476	2372-1354	Oval	1346	2364	17	16	none	none	0	0	0	0	0
477	2340-1631	Oval	1624	2332	14	16	none	none	0	0	0	0	0
478	2474-1769	Oval	1763	2467	13	14	none	none	0	0	0	0	0
479	2506-1761	Oval	1755	2502	13	8	none	none	0	0	0	0	0
480	2599-1417	Oval	1407	2591	20	16	none	none	0	0	0	0	0
481	2613-1396	Oval	1388	2607	16	12	none	none	0	0	0	0	0
482	2649-1363	Oval	1353	2642	21	14	none	none	0	0	0	0	0
483	2471-1508	Oval	1502	2464	13	14	none	none	0	0	0	0	0
484	2499-1492	Oval	1484	2490	17	19	none	none	0	0	0	0	0
485	2243-1416	Oval	1410	2236	12	15	none	none	0	0	0	0	0
486	2249-1308	Oval	1300	2243	16	13	none	none	0	0	0	0	0
487	2212-1323	Oval	1317	2204	13	16	none	none	0	0	0	0	0
488	2338-1277	Oval	1271	2328	12	20	none	none	0	0	0	0	0
489	2435-1261	Oval	1251	2428	20	14	none	none	0	0	0	0	0
490	1890-1403	Oval	1396	1882	14	16	none	none	0	0	0	0	0
491	1837-1564	Oval	1554	1829	20	17	none	none	0	0	0	0	0
492	1615-1477	Oval	1468	1608	18	15	none	none	0	0	0	0	0
493	1586-1521	Oval	1515	1581	13	11	none	none	0	0	0	0	0
494	1770-1104	Oval	1098	1765	12	11	none	none	0	0	0	0	0
495	1777-1126	Oval	1118	1772	16	10	none	none	0	0	0	0	0
496	1816-1107	Oval	1102	1811	11	11	none	none	0	0	0	0	0
497	1662-1049	Oval	1041	1655	16	15	none	none	0	0	0	0	0
498	1604-1027	Oval	1021	1598	13	13	none	none	0	0	0	0	0
499	1608-1102	Oval	1094	1601	17	15	none	none	0	0	0	0	0
500	1643-0973	Oval	967	1637	13	13	none	none	0	0	0	0	0
501	1708-0940	Oval	933	1700	15	16	none	none	0	0	0	0	0
502	1709-0964	Oval	957	1703	14	12	none	none	0	0	0	0	0
503	1713-0984	Oval	979	1706	10	14	none	none	0	0	0	0	0
504	1765-0944	Oval	936	1756	16	18	none	none	0	0	0	0	0
505	1856-0919	Oval	910	1848	18	16	none	none	0	0	0	0	0
506	1858-1094	Oval	1086	1851	16	14	none	none	0	0	0	0	0
507	1910-0959	Oval	951	1902	17	17	none	none	0	0	0	0	0
508	1977-0967	Oval	959	1971	16	13	none	none	0	0	0	0	0
509	2049-1211	Oval	1208	2044	7	10	none	none	0	0	0	0	0
510	2053-1224	Oval	1219	2048	11	11	none	none	0	0	0	0	0
511	2051-1078	Oval	1068	2044	21	14	none	none	0	0	0	0	0
512	2053-1111	Oval	1106	2048	11	10	none	none	0	0	0	0	0
513	1417-1284	Oval	1278	1410	13	14	none	none	0	0	0	0	0
514	1261-1352	Oval	1346	1255	12	13	none	none	0	0	0	0	0
515	1268-1451	Oval	1443	1260	17	16	none	none	0	0	0	0	0
516	1319-1385	Oval	1377	1312	17	14	none	none	0	0	0	0	0
517	1325-1348	Oval	1340	1315	17	20	none	none	0	0	0	0	0
518	1113-1352	Oval	1345	1107	14	12	none	none	0	0	0	0	0
519	1125-1338	Oval	1333	1118	10	15	none	none	0	0	0	0	0
520	1058-1158	Oval	1153	1053	11	11	none	none	0	0	0	0	0
521	1063-1143	Oval	1139	1057	9	13	none	none	0	0	0	0	0
522	1137-1142	Oval	1131	1127	22	20	none	none	0	0	0	0	0
523	1109-1086	Oval	1077	1101	18	16	none	none	0	0	0	0	0
524	1012-1101	Oval	1091	1001	20	22	none	none	0	0	0	0	0
525	1295-1050	Oval	1038	1287	24	17	none	none	0	0	0	0	0
526	1339-1139	Oval	1134	1334	10	10	none	none	0	0	0	0	0
527	1330-1069	Oval	1064	1324	11	13	none	none	0	0	0	0	0
528	1386-0946	Oval	938	1377	16	19	none	none	0	0	0	0	0
529	1496-0935	Oval	925	1489	20	14	none	none	0	0	0	0	0
530	1666-0989	Oval	982	1659	15	14	none	none	0	0	0	0	0
531	1381-1866	Oval	1860	1371	13	20	none	none	0	0	0	0	0
532	0878-2092	Oval	2085	871	15	15	none	none	0	0	0	0	0
533	0874-2122	Oval	2117	868	10	13	none	none	0	0	0	0	0
534	0850-2184	Oval	2178	843	12	15	none	none	0	0	0	0	0
535	0874-2199	Oval	2195	867	9	14	none	none	0	0	0	0	0
536	0844-2227	Oval	2221	834	13	21	none	none	0	0	0	0	0
537	0822-2048	Oval	2035	814	26	17	none	none	0	0	0	0	0
538	0964-1998	Oval	1989	955	19	19	none	none	0	0	0	0	0
539	0967-2043	Oval	2032	960	22	15	none	none	0	0	0	0	0
540	0922-1858	Oval	1845	911	27	22	none	none	0	0	0	0	0
541	0744-1588	Oval	1580	737	17	14	none	none	0	0	0	0	0
542	0710-1568	Oval	1556	703	25	14	none	none	0	0	0	0	0
543	0751-1707	Oval	1700	745	14	13	none	none	0	0	0	0	0
544	0795-1572	Oval	1563	787	18	16	none	none	0	0	0	0	0
545	0863-1509	Oval	1497	851	24	24	none	none	0	0	0	0	0
546	0847-1582	Oval	1572	839	20	16	none	none	0	0	0	0	0
547	0850-1622	Oval	1609	841	27	18	none	none	0	0	0	0	0
548	0838-1736	Oval	1726	830	21	16	none	none	0	0	0	0	0
549	0891-1412	Oval	1405	885	14	13	none	none	0	0	0	0	0
550	0893-1331	Oval	1323	886	16	15	none	none	0	0	0	0	0
551	0899-1318	Oval	1315	892	7	14	none	none	0	0	0	0	0
552	0817-1992	Oval	1987	810	11	14	none	none	0	0	0	0	0
553	0967-2301	Oval	2294	959	14	17	none	none	0	0	0	0	0
554	0893-2345	Oval	2340	888	10	10	none	none	0	0	0	0	0
555	0881-2332	Oval	2326	875	13	13	none	none	0	0	0	0	0
556	0871-2380	Oval	2374	860	13	22	none	none	0	0	0	0	0
557	0961-2259	Oval	2255	956	9	11	none	none	0	0	0	0	0
558	0976-2247	Oval	2241	969	13	14	none	none	0	0	0	0	0
559	1040-2223	Oval	2218	1031	11	18	none	none	0	0	0	0	0
560	1131-2223	Oval	2216	1123	15	16	none	none	0	0	0	0	0
561	1115-2366	Oval	2361	1108	10	14	none	none	0	0	0	0	0
562	1146-2302	Oval	2295	1137	15	18	none	none	0	0	0	0	0
563	1000-2059	Oval	2051	992	16	16	none	none	0	0	0	0	0
564	0914-2151	Oval	2140	905	22	19	none	none	0	0	0	0	0
565	1294-2352	Oval	2341	1285	22	19	none	none	0	0	0	0	0
566	1215-2403	Oval	2394	1206	18	18	none	none	0	0	0	0	0
567	1208-2494	Oval	2484	1201	20	15	none	none	0	0	0	0	0
568	1166-2551	Oval	2544	1160	14	13	none	none	0	0	0	0	0
569	1245-2524	Oval	2515	1237	18	17	none	none	0	0	0	0	0
570	1129-2490	Oval	2483	1120	14	18	none	none	0	0	0	0	0
571	1280-2511	Oval	2504	1271	15	18	none	none	0	0	0	0	0
572	1407-2590	Oval	2584	1398	13	18	none	none	0	0	0	0	0
573	1449-2569	Oval	2562	1441	15	17	none	none	0	0	0	0	0
574	1467-2615	Oval	2609	1459	12	16	none	none	0	0	0	0	0
575	1484-2654	Oval	2644	1475	21	19	none	none	0	0	0	0	0
576	1518-2586	Oval	2573	1507	26	23	none	none	0	0	0	0	0
577	1409-2517	Oval	2508	1401	18	17	none	none	0	0	0	0	0
578	1380-2408	Oval	2399	1372	19	16	none	none	0	0	0	0	0
579	1360-2211	Oval	2201	1350	20	20	none	none	0	0	0	0	0
580	1359-2269	Oval	2260	1353	18	13	none	none	0	0	0	0	0
581	1478-2252	Oval	2246	1471	12	15	none	none	0	0	0	0	0
582	1626-2574	Oval	2567	1616	14	20	none	none	0	0	0	0	0
583	1799-2580	Oval	2571	1790	18	19	none	none	0	0	0	0	0
584	1892-2632	Oval	2623	1882	19	20	none	none	0	0	0	0	0
585	1873-2577	Oval	2569	1865	17	16	none	none	0	0	0	0	0
586	1896-2587	Oval	2581	1888	13	16	none	none	0	0	0	0	0
587	1817-2449	Oval	2439	1807	21	20	none	none	0	0	0	0	0
588	1844-2394	Oval	2386	1833	16	23	none	none	0	0	0	0	0
589	1942-2482	Oval	2472	1933	21	19	none	none	0	0	0	0	0
590	2030-2520	Oval	2512	2019	17	23	none	none	0	0	0	0	0
591	1896-2611	Oval	2605	1889	13	15	none	none	0	0	0	0	0
592	2006-2404	Oval	2395	1998	18	17	none	none	0	0	0	0	0
593	2019-2342	Oval	2334	2013	16	12	none	none	0	0	0	0	0
594	2057-2305	Oval	2298	2048	14	18	none	none	0	0	0	0	0
595	1844-2245	Oval	2237	1835	17	18	none	none	0	0	0	0	0
596	1694-2209	Oval	2203	1683	12	22	none	none	0	0	0	0	0
597	1779-2197	Oval	2192	1773	11	13	none	none	0	0	0	0	0
598	1817-2198	Oval	2193	1813	10	8	none	none	0	0	0	0	0
599	1722-2144	Oval	2136	1715	16	15	none	none	0	0	0	0	0
600	1685-2056	Oval	2050	1678	12	15	none	none	0	0	0	0	0
601	1666-2021	Oval	2015	1659	12	15	none	none	0	0	0	0	0
602	1564-2026	Oval	2021	1555	10	19	none	none	0	0	0	0	0
603	1618-2084	Oval	2077	1610	15	16	none	none	0	0	0	0	0
604	1745-2004	Oval	1993	1737	22	17	none	none	0	0	0	0	0
605	1681-1757	Oval	1747	1673	21	16	none	none	0	0	0	0	0
606	1477-1735	Oval	1726	1468	19	18	none	none	0	0	0	0	0
607	1407-1557	Oval	1550	1398	15	19	none	none	0	0	0	0	0
608	1438-1712	Oval	1708	1433	8	11	none	none	0	0	0	0	0
609	1455-1717	Oval	1714	1449	7	13	none	none	0	0	0	0	0
610	1721-1608	Oval	1603	1714	11	14	none	none	0	0	0	0	0
611	2290-1513	Oval	1507	2284	13	12	none	none	0	0	0	0	0
612	2345-1184	Oval	1176	2334	17	22	none	none	0	0	0	0	0
613	2378-1210	Oval	1202	2366	17	24	none	none	0	0	0	0	0
614	2433-1168	Oval	1157	2426	22	14	none	none	0	0	0	0	0
615	2307-1199	Oval	1190	2300	18	15	none	none	0	0	0	0	0
616	2234-1059	Oval	1045	2223	28	22	none	none	0	0	0	0	0
617	2184-1036	Oval	1025	2174	22	20	none	none	0	0	0	0	0
618	2170-1066	Oval	1059	2165	14	11	none	none	0	0	0	0	0
619	2159-1050	Oval	1040	2153	21	13	none	none	0	0	0	0	0
620	2277-0934	Oval	923	2265	23	24	none	none	0	0	0	0	0
621	2301-1031	Oval	1017	2292	29	19	none	none	0	0	0	0	0
622	2369-0923	Oval	914	2357	19	24	none	none	0	0	0	0	0
623	2387-0955	Oval	944	2379	22	17	none	none	0	0	0	0	0
624	2461-1028	Oval	1017	2450	22	22	none	none	0	0	0	0	0
625	2482-1053	Oval	1041	2474	25	16	none	none	0	0	0	0	0
626	2402-1127	Oval	1118	2394	18	17	none	none	0	0	0	0	0
627	2343-1131	Oval	1121	2331	20	24	none	none	0	0	0	0	0
628	2335-1097	Oval	1087	2327	21	17	none	none	0	0	0	0	0
629	2357-1066	Oval	1056	2346	20	22	none	none	0	0	0	0	0
630	2255-1123	Oval	1116	2249	14	13	none	none	0	0	0	0	0
631	2239-0992	Oval	983	2233	19	13	none	none	0	0	0	0	0
632	2075-1186	Oval	1176	2065	20	20	none	none	0	0	0	0	0
633	1976-1236	Oval	1228	1968	16	17	none	none	0	0	0	0	0
634	1896-1313	Oval	1308	1889	11	14	none	none	0	0	0	0	0
635	2621-1200	Oval	1189	2608	22	26	none	none	0	0	0	0	0
636	2656-1277	Oval	1260	2641	35	30	none	none	0	0	0	0	0
637	2595-1169	Oval	1157	2581	25	28	none	none	0	0	0	0	0
638	2582-1138	Oval	1127	2572	22	21	none	none	0	0	0	0	0
639	2514-1159	Oval	1147	2504	24	21	none	none	0	0	0	0	0
640	2640-1555	Oval	1547	2630	17	20	none	none	0	0	0	0	0
641	2629-1609	Oval	1601	2618	16	22	none	none	0	0	0	0	0
642	2625-1692	Oval	1686	2620	13	10	none	none	0	0	0	0	0
643	2727-1739	Oval	1729	2717	20	20	none	none	0	0	0	0	0
644	2656-1751	Oval	1739	2645	24	23	none	none	0	0	0	0	0
645	2640-1906	Oval	1899	2631	15	18	none	none	0	0	0	0	0
646	2616-1952	Oval	1938	2605	29	22	none	none	0	0	0	0	0
647	2576-2014	Oval	2004	2564	21	24	none	none	0	0	0	0	0
648	2606-2070	Oval	2061	2595	18	23	none	none	0	0	0	0	0
649	2638-2109	Oval	2100	2627	18	22	none	none	0	0	0	0	0
650	2693-2118	Oval	2109	2686	18	15	none	none	0	0	0	0	0
651	2598-2143	Oval	2134	2590	18	16	none	none	0	0	0	0	0
652	2543-2248	Oval	2240	2536	17	15	none	none	0	0	0	0	0
653	2472-2416	Oval	2405	2459	23	26	none	none	0	0	0	0	0
654	2432-2250	Oval	2235	2422	30	21	none	none	0	0	0	0	0
655	2396-2281	Oval	2267	2384	29	25	none	none	0	0	0	0	0
656	2395-2210	Oval	2193	2381	34	29	none	none	0	0	0	0	0
657	2317-2298	Oval	2290	2307	17	20	none	none	0	0	0	0	0
658	2301-2479	Oval	2462	2292	34	19	none	none	0	0	0	0	0
659	2335-2069	Oval	2060	2325	19	20	none	none	0	0	0	0	0
660	2432-1948	Oval	1938	2424	21	16	none	none	0	0	0	0	0
661	2430-1890	Oval	1882	2423	17	15	none	none	0	0	0	0	0
662	2232-2275	Oval	2269	2225	13	14	none	none	0	0	0	0	0
663	2278-2198	Oval	2189	2269	19	18	none	none	0	0	0	0	0
664	2316-2097	Oval	2087	2306	20	21	none	none	0	0	0	0	0
665	2360-2005	Oval	1993	2352	24	17	none	none	0	0	0	0	0
666	2377-1990	Oval	1984	2373	13	9	none	none	0	0	0	0	0
667	2389-1989	Oval	1984	2385	11	9	none	none	0	0	0	0	0
668	2163-1979	Oval	1967	2156	24	15	none	none	0	0	0	0	0
669	2219-1981	Oval	1973	2210	16	18	none	none	0	0	0	0	0
670	2147-1843	Oval	1837	2138	12	19	none	none	0	0	0	0	0
671	2193-2407	Oval	2394	2184	27	19	none	none	0	0	0	0	0
672	2254-2476	Oval	2465	2244	22	21	none	none	0	0	0	0	0
673	2263-2501	Oval	2491	2255	21	16	none	none	0	0	0	0	0
674	2339-2518	Oval	2501	2329	34	20	none	none	0	0	0	0	0
675	2222-2286	Oval	2278	2216	17	12	none	none	0	0	0	0	0
676	2204-2266	Oval	2259	2197	14	15	none	none	0	0	0	0	0
677	1417-2252	Oval	2245	1411	14	13	none	none	0	0	0	0	0
678	1413-2151	Oval	2146	1407	11	13	none	none	0	0	0	0	0
679	1428-2157	Oval	2151	1422	13	13	none	none	0	0	0	0	0
680	1383-2068	Oval	2063	1376	11	15	none	none	0	0	0	0	0
681	0753-1944	Oval	1936	745	16	17	none	none	0	0	0	0	0
682	0763-1897	Oval	1884	752	26	22	none	none	0	0	0	0	0
683	1026-1707	Oval	1701	1018	13	17	none	none	0	0	0	0	0
684	0806-1700	Oval	1688	795	25	23	none	none	0	0	0	0	0
685	0841-1815	Oval	1808	834	14	15	none	none	0	0	0	0	0
686	0822-1801	Oval	1794	815	15	15	none	none	0	0	0	0	0
687	1704-1370	Oval	1363	1697	14	14	none	none	0	0	0	0	0
688	1686-1330	Oval	1323	1676	15	20	none	none	0	0	0	0	0
689	1812-1126	Oval	1121	1806	11	13	none	none	0	0	0	0	0
690	1819-1287	Oval	1282	1813	11	12	none	none	0	0	0	0	0
691	1310-2431	Oval	2424	1302	15	17	none	none	0	0	0	0	0
692	1261-2427	Oval	2419	1252	17	19	none	none	0	0	0	0	0
693	1276-2382	Oval	2373	1267	18	19	none	none	0	0	0	0	0
694	1409-2358	Oval	2350	1399	16	20	none	none	0	0	0	0	0
695	1449-2011	Oval	2000	1439	23	21	none	none	0	0	0	0	0
696	1521-2060	Oval	2050	1511	20	20	none	none	0	0	0	0	0
697	1542-2055	Oval	2049	1537	12	11	none	none	0	0	0	0	0
698	1993-1819	Oval	1814	1988	11	10	none	none	0	0	0	0	0
699	1147-1515	Oval	1510	1140	11	14	none	none	0	0	0	0	0
700	1101-1559	Oval	1554	1090	11	22	none	none	0	0	0	0	0
701	1139-1473	Oval	1465	1133	16	13	none	none	0	0	0	0	0
702	1205-1464	Oval	1454	1193	21	25	none	none	0	0	0	0	0
703	1127-1256	Oval	1249	1119	15	17	none	none	0	0	0	0	0
704	1142-1231	Oval	1222	1137	18	10	none	none	0	0	0	0	0
705	1159-1220	Oval	1211	1153	19	13	none	none	0	0	0	0	0
706	1044-1126	Oval	1115	1037	22	14	none	none	0	0	0	0	0
707	1422-1225	Oval	1217	1415	16	15	none	none	0	0	0	0	0
708	1173-1158	Oval	1153	1168	11	11	none	none	0	0	0	0	0
709	0952-2480	Oval	2470	942	20	20	none	none	0	0	0	0	0
710	1015-2350	Oval	2342	1009	16	13	none	none	0	0	0	0	0
711	1007-2392	Oval	2379	997	27	21	none	none	0	0	0	0	0
712	1315-2639	Oval	2631	1308	16	15	none	none	0	0	0	0	0
713	1851-2269	Oval	2261	1842	16	18	none	none	0	0	0	0	0
714	1861-2210	Oval	2200	1854	21	15	none	none	0	0	0	0	0
715	2684-1701	Oval	1695	2677	12	14	none	none	0	0	0	0	0
716	2699-1665	Oval	1660	2692	10	14	none	none	0	0	0	0	0
717	2680-1664	Oval	1657	2673	14	15	none	none	0	0	0	0	0
718	2788-1719	Oval	1711	2782	16	13	none	none	0	0	0	0	0
719	2780-1687	Oval	1677	2771	21	18	none	none	0	0	0	0	0
720	2745-1612	Oval	1603	2736	18	19	none	none	0	0	0	0	0
721	2749-1574	Oval	1561	2740	26	19	none	none	0	0	0	0	0
722	2801-1710	Oval	1703	2794	15	14	none	none	0	0	0	0	0
723	2522-1243	Oval	1236	2515	15	14	none	none	0	0	0	0	0
724	2601-1237	Oval	1230	2593	15	17	none	none	0	0	0	0	0
725	2179-1177	Oval	1171	2173	13	13	none	none	0	0	0	0	0
726	2282-1247	Oval	1240	2276	14	12	none	none	0	0	0	0	0
727	1211-2187	Oval	2176	1202	22	19	none	none	0	0	0	0	0
728	1267-2224	Oval	2217	1261	15	12	none	none	0	0	0	0	0
729	0939-2232	Oval	2227	931	11	17	none	none	0	0	0	0	0
730	0922-1896	Oval	1890	915	13	14	none	none	0	0	0	0	0
731	1088-1892	Oval	1887	1080	11	17	none	none	0	0	0	0	0
732	1056-1796	Oval	1789	1049	14	14	none	none	0	0	0	0	0
733	0932-1701	Oval	1692	924	19	16	none	none	0	0	0	0	0
734	0867-1723	Oval	1715	859	16	17	none	none	0	0	0	0	0
735	0903-1700	Oval	1694	897	13	12	none	none	0	0	0	0	0
736	0908-1688	Oval	1685	902	7	12	none	none	0	0	0	0	0
