0	1527-2079	Oval	2065	1513	28	29	yellow	none	0	0	0	0	0
1	1516-2254	Oval	2239	1501	31	30	none	none	0	0	0	0	0
2	1545-1980	Oval	1967	1530	26	31	none	none	0	0	0	0	0
3	1592-2145	Oval	2128	1576	35	32	none	none	0	0	0	0	0
4	1663-1940	Oval	1924	1654	33	19	none	none	0	0	0	0	0
5	1604-1971	Oval	1960	1592	23	24	none	none	0	0	0	0	0
6	1629-1955	Oval	1938	1614	35	31	none	none	0	0	0	0	0
7	1598-2040	Oval	2026	1585	28	27	none	none	0	0	0	0	0
8	1621-2073	Oval	2062	1611	22	21	none	none	0	0	0	0	0
9	1633-2101	Oval	2084	1618	35	31	none	none	0	0	0	0	0
10	1502-1994	Oval	1978	1486	32	32	none	none	0	0	0	0	0
11	1667-2023	Oval	2006	1653	34	29	none	none	0	0	0	0	0
12	1678-2111	Oval	2099	1662	25	32	none	none	0	0	0	0	0
13	1706-2098	Oval	2082	1694	33	24	none	none	0	0	0	0	0
14	1671-1916	Oval	1900	1661	32	21	none	none	0	0	0	0	0
15	1710-1931	Oval	1915	1698	33	24	none	none	0	0	0	0	0
16	1674-1992	Oval	1977	1663	31	23	none	none	0	0	0	0	0
17	1712-1904	Oval	1888	1702	32	20	none	none	0	0	0	0	0
18	1718-2153	Oval	2141	1707	24	23	none	none	0	0	0	0	0
19	1749-2100	Oval	2084	1734	32	31	none	none	0	0	0	0	0
20	1707-2269	Oval	2257	1690	25	34	none	none	0	0	0	0	0
21	1761-2205	Oval	2192	1746	26	30	none	none	0	0	0	0	0
22	1744-2166	Oval	2155	1734	22	20	none	none	0	0	0	0	0
23	1746-2142	Oval	2130	1735	25	23	none	none	0	0	0	0	0
24	1794-1940	Oval	1927	1785	26	19	none	none	0	0	0	0	0
25	1732-1850	Oval	1841	1722	19	20	none	none	0	0	0	0	0
26	1780-1883	Oval	1868	1769	30	22	none	none	0	0	0	0	0
27	1759-1915	Oval	1904	1749	22	20	none	none	0	0	0	0	0
28	1776-1921	Oval	1904	1767	34	19	none	none	0	0	0	0	0
29	1747-1821	Oval	1808	1738	26	19	none	none	0	0	0	0	0
30	1825-1996	Oval	1985	1814	22	23	none	none	0	0	0	0	0
31	1832-2016	Oval	2006	1821	20	22	none	none	0	0	0	0	0
32	1825-2063	Oval	2054	1814	18	22	none	none	0	0	0	0	0
33	1829-2085	Oval	2073	1815	25	28	none	none	0	0	0	0	0
34	1929-2085	Oval	2075	1918	21	22	none	none	0	0	0	0	0
35	1948-2075	Oval	2063	1937	25	22	none	none	0	0	0	0	0
36	1940-2038	Oval	2025	1931	26	18	none	none	0	0	0	0	0
37	1980-2032	Oval	2022	1969	20	22	none	none	0	0	0	0	0
38	1941-1973	Oval	1958	1927	30	29	none	none	0	0	0	0	0
39	1883-1926	Oval	1910	1865	32	36	none	none	0	0	0	0	0
40	1934-1951	Oval	1941	1921	20	27	none	none	0	0	0	0	0
41	1964-1995	Oval	1984	1951	23	27	none	none	0	0	0	0	0
42	1950-1943	Oval	1933	1940	21	21	none	none	0	0	0	0	0
43	2015-1983	Oval	1967	2001	32	28	none	none	0	0	0	0	0
44	2074-2004	Oval	1989	2061	31	26	none	none	0	0	0	0	0
45	1833-1853	Oval	1839	1821	29	25	none	none	0	0	0	0	0
46	1804-1793	Oval	1780	1790	27	28	none	none	0	0	0	0	0
47	1835-1771	Oval	1760	1825	23	21	none	none	0	0	0	0	0
48	1888-1821	Oval	1811	1878	20	21	none	none	0	0	0	0	0
49	1906-1781	Oval	1764	1888	35	36	none	none	0	0	0	0	0
50	1947-1854	Oval	1841	1936	27	22	none	none	0	0	0	0	0
51	1954-1828	Oval	1813	1941	31	27	none	none	0	0	0	0	0
52	1807-1733	Oval	1720	1790	26	34	none	none	0	0	0	0	0
53	1751-1741	Oval	1729	1740	25	23	none	none	0	0	0	0	0
54	1741-1727	Oval	1713	1729	28	25	none	none	0	0	0	0	0
55	1974-1723	Oval	1708	1960	31	29	none	none	0	0	0	0	0
56	2033-1769	Oval	1748	2018	42	31	none	none	0	0	0	0	0
57	2068-1900	Oval	1884	2052	32	32	none	none	0	0	0	0	0
58	2006-1848	Oval	1837	1991	22	31	none	none	0	0	0	0	0
59	1926-1900	Oval	1889	1912	22	29	none	none	0	0	0	0	0
60	1651-1837	Oval	1819	1637	37	28	none	none	0	0	0	0	0
61	1534-1842	Oval	1826	1513	33	43	none	none	0	0	0	0	0
62	1623-1781	Oval	1763	1605	37	37	none	none	0	0	0	0	0
63	1635-1677	Oval	1659	1619	36	32	none	none	0	0	0	0	0
64	1669-1593	Oval	1574	1657	38	24	none	none	0	0	0	0	0
65	1636-1718	Oval	1703	1622	30	29	none	none	0	0	0	0	0
66	1664-1778	Oval	1763	1653	30	22	none	none	0	0	0	0	0
67	1751-1765	Oval	1751	1739	28	24	none	none	0	0	0	0	0
68	1797-1757	Oval	1745	1781	25	32	none	none	0	0	0	0	0
69	1809-1592	Oval	1579	1797	26	24	none	none	0	0	0	0	0
70	1817-1574	Oval	1560	1806	28	23	none	none	0	0	0	0	0
71	1863-1590	Oval	1571	1849	38	28	none	none	0	0	0	0	0
72	1557-1768	Oval	1752	1544	32	26	none	none	0	0	0	0	0
73	1703-1516	Oval	1497	1695	39	17	none	none	0	0	0	0	0
74	1578-1549	Oval	1536	1566	27	25	none	none	0	0	0	0	0
75	1666-1466	Oval	1450	1656	33	21	none	none	0	0	0	0	0
76	1740-1459	Oval	1443	1728	33	24	none	none	0	0	0	0	0
77	1633-1584	Oval	1568	1621	32	24	none	none	0	0	0	0	0
78	1881-1566	Oval	1552	1872	28	19	none	none	0	0	0	0	0
79	1900-1534	Oval	1519	1890	31	21	none	none	0	0	0	0	0
80	1934-1469	Oval	1455	1924	29	21	none	none	0	0	0	0	0
81	1520-1641	Oval	1630	1508	23	25	none	none	0	0	0	0	0
82	1525-1613	Oval	1602	1515	23	21	none	none	0	0	0	0	0
83	1533-1574	Oval	1564	1524	20	18	none	none	0	0	0	0	0
84	1510-1558	Oval	1546	1501	25	18	none	none	0	0	0	0	0
85	1454-1700	Oval	1690	1444	21	21	none	none	0	0	0	0	0
86	1423-1712	Oval	1697	1412	30	22	none	none	0	0	0	0	0
87	1413-1604	Oval	1585	1401	38	24	none	none	0	0	0	0	0
88	1485-1478	Oval	1455	1468	47	35	none	none	0	0	0	0	0
89	1469-1548	Oval	1528	1456	40	27	none	none	0	0	0	0	0
90	1389-1523	Oval	1512	1376	23	26	none	none	0	0	0	0	0
91	1478-1385	Oval	1366	1468	38	21	none	none	0	0	0	0	0
92	1517-1361	Oval	1345	1505	33	25	none	none	0	0	0	0	0
93	1690-1445	Oval	1427	1681	36	19	none	none	0	0	0	0	0
94	1596-1403	Oval	1387	1584	32	25	none	none	0	0	0	0	0
95	1373-1495	Oval	1482	1362	26	23	none	none	0	0	0	0	0
96	1338-1357	Oval	1341	1329	32	18	none	none	0	0	0	0	0
97	1314-1475	Oval	1463	1307	25	15	none	none	0	0	0	0	0
98	1277-1531	Oval	1514	1263	34	29	none	none	0	0	0	0	0
99	1385-1773	Oval	1756	1373	35	25	none	none	0	0	0	0	0
100	1343-1394	Oval	1383	1333	23	21	none	none	0	0	0	0	0
101	1350-1421	Oval	1406	1339	30	23	none	none	0	0	0	0	0
102	1395-1430	Oval	1413	1380	34	31	none	none	0	0	0	0	0
103	1425-1438	Oval	1422	1411	32	28	none	none	0	0	0	0	0
104	1315-1501	Oval	1488	1301	26	28	none	none	0	0	0	0	0
105	1348-1460	Oval	1447	1338	26	20	none	none	0	0	0	0	0
106	1349-1482	Oval	1470	1334	25	30	none	none	0	0	0	0	0
107	1777-1324	Oval	1305	1764	38	26	none	none	0	0	0	0	0
108	1591-1295	Oval	1280	1580	30	22	none	none	0	0	0	0	0
109	1909-1604	Oval	1594	1899	20	20	none	none	0	0	0	0	0
110	1809-1407	Oval	1393	1793	29	32	none	none	0	0	0	0	0
111	1868-1411	Oval	1395	1854	32	29	none	none	0	0	0	0	0
112	1639-1375	Oval	1365	1622	20	35	none	none	0	0	0	0	0
113	1659-1559	Oval	1546	1647	26	25	none	none	0	0	0	0	0
114	1678-1528	Oval	1514	1665	28	27	none	none	0	0	0	0	0
115	1717-1421	Oval	1411	1708	21	18	none	none	0	0	0	0	0
116	1729-1403	Oval	1389	1716	28	26	none	none	0	0	0	0	0
117	1813-1443	Oval	1430	1799	27	28	none	none	0	0	0	0	0
118	1777-1469	Oval	1455	1766	29	23	none	none	0	0	0	0	0
119	1835-1471	Oval	1458	1821	26	28	none	none	0	0	0	0	0
120	1838-1439	Oval	1426	1826	26	24	none	none	0	0	0	0	0
121	2021-1310	Oval	1296	2010	29	23	none	none	0	0	0	0	0
122	2009-1267	Oval	1252	1993	31	33	none	none	0	0	0	0	0
123	2082-1378	Oval	1360	2066	37	32	none	none	0	0	0	0	0
124	2094-1458	Oval	1444	2086	29	17	none	none	0	0	0	0	0
125	2085-1417	Oval	1407	2071	20	28	none	none	0	0	0	0	0
126	2127-1402	Oval	1388	2118	29	18	none	none	0	0	0	0	0
127	2154-1433	Oval	1418	2142	30	25	none	none	0	0	0	0	0
128	2185-1499	Oval	1485	2170	29	30	none	none	0	0	0	0	0
129	2229-1560	Oval	1545	2216	31	27	none	none	0	0	0	0	0
130	2261-1499	Oval	1484	2249	31	25	none	none	0	0	0	0	0
131	2303-1486	Oval	1473	2293	26	20	none	none	0	0	0	0	0
132	2313-1438	Oval	1426	2302	25	23	none	none	0	0	0	0	0
133	2217-1273	Oval	1261	2207	25	21	none	none	0	0	0	0	0
134	2375-1298	Oval	1280	2361	37	29	none	none	0	0	0	0	0
135	2310-1337	Oval	1323	2298	28	24	none	none	0	0	0	0	0
136	2185-1188	Oval	1177	2176	22	19	none	none	0	0	0	0	0
137	2208-1193	Oval	1179	2201	29	15	none	none	0	0	0	0	0
138	2222-1655	Oval	1643	2205	24	34	none	none	0	0	0	0	0
139	2223-1725	Oval	1716	2214	18	19	none	none	0	0	0	0	0
140	2289-1649	Oval	1639	2277	20	25	none	none	0	0	0	0	0
141	2270-1752	Oval	1740	2258	25	25	none	none	0	0	0	0	0
142	2334-1635	Oval	1617	2321	37	27	none	none	0	0	0	0	0
143	2323-1760	Oval	1748	2311	24	25	none	none	0	0	0	0	0
144	2299-1760	Oval	1747	2289	26	20	none	none	0	0	0	0	0
145	2322-1709	Oval	1699	2313	20	18	none	none	0	0	0	0	0
146	2346-1709	Oval	1697	2332	24	28	none	none	0	0	0	0	0
147	2400-1774	Oval	1763	2382	22	36	none	none	0	0	0	0	0
148	2553-1789	Oval	1779	2536	20	35	none	none	0	0	0	0	0
149	2403-1823	Oval	1811	2389	25	28	none	none	0	0	0	0	0
150	2314-1659	Oval	1648	2305	22	19	none	none	0	0	0	0	0
151	2385-1625	Oval	1613	2373	24	25	none	none	0	0	0	0	0
152	2396-1668	Oval	1659	2385	19	23	none	none	0	0	0	0	0
153	2436-1675	Oval	1662	2421	26	31	none	none	0	0	0	0	0
154	2462-1703	Oval	1690	2450	27	25	none	none	0	0	0	0	0
155	2391-1685	Oval	1674	2381	22	21	none	none	0	0	0	0	0
156	2479-1621	Oval	1604	2464	35	30	none	none	0	0	0	0	0
157	2506-1555	Oval	1542	2491	26	30	none	none	0	0	0	0	0
158	2529-1660	Oval	1646	2516	28	27	none	none	0	0	0	0	0
159	2567-1642	Oval	1631	2554	23	27	none	none	0	0	0	0	0
160	2505-1638	Oval	1625	2492	27	27	none	none	0	0	0	0	0
161	2421-1528	Oval	1516	2407	24	28	none	none	0	0	0	0	0
162	2616-1531	Oval	1518	2604	26	24	none	none	0	0	0	0	0
163	2635-1576	Oval	1556	2624	41	23	none	none	0	0	0	0	0
164	2570-1538	Oval	1524	2559	28	22	none	none	0	0	0	0	0
165	2543-1547	Oval	1532	2530	30	27	none	none	0	0	0	0	0
166	2506-1438	Oval	1423	2490	31	33	none	none	0	0	0	0	0
167	2449-1655	Oval	1641	2436	28	26	none	none	0	0	0	0	0
168	2442-1735	Oval	1724	2432	23	20	none	none	0	0	0	0	0
169	2477-1721	Oval	1712	2467	18	20	none	none	0	0	0	0	0
170	2492-1675	Oval	1660	2477	30	31	none	none	0	0	0	0	0
171	2493-1737	Oval	1727	2485	20	17	none	none	0	0	0	0	0
172	2196-1785	Oval	1775	2185	21	23	none	none	0	0	0	0	0
173	2198-1862	Oval	1849	2183	26	31	none	none	0	0	0	0	0
174	2146-1943	Oval	1929	2131	29	30	none	none	0	0	0	0	0
175	2204-1812	Oval	1799	2190	27	29	none	none	0	0	0	0	0
176	2139-2010	Oval	1998	2125	25	28	none	none	0	0	0	0	0
177	2333-2042	Oval	2026	2316	32	34	none	none	0	0	0	0	0
178	2249-2019	Oval	2007	2236	24	27	none	none	0	0	0	0	0
179	2249-2019-1	Oval	2007	2236	24	27	none	none	0	0	0	0	0
180	2344-1881	Oval	1864	2337	35	15	none	none	0	0	0	0	0
181	2380-1973	Oval	1959	2365	29	30	none	none	0	0	0	0	0
182	2378-2017	Oval	2004	2360	26	37	none	none	0	0	0	0	0
183	2383-2062	Oval	2051	2371	23	24	none	none	0	0	0	0	0
184	2104-2094	Oval	2085	2092	18	25	none	none	0	0	0	0	0
185	2113-2142	Oval	2129	2097	26	32	none	none	0	0	0	0	0
186	2384-1909	Oval	1899	2374	21	20	none	none	0	0	0	0	0
187	2395-1879	Oval	1867	2385	25	20	none	none	0	0	0	0	0
188	2406-1913	Oval	1901	2395	24	23	none	none	0	0	0	0	0
189	2485-1927	Oval	1915	2466	25	39	none	none	0	0	0	0	0
190	2317-2108	Oval	2095	2301	27	32	none	none	0	0	0	0	0
191	2381-2097	Oval	2087	2367	20	29	none	none	0	0	0	0	0
192	2380-2116	Oval	2106	2364	20	32	none	none	0	0	0	0	0
193	2220-1957	Oval	1952	2210	10	21	none	none	0	0	0	0	0
194	2229-1942	Oval	1930	2219	24	20	none	none	0	0	0	0	0
195	2472-2111	Oval	2099	2461	24	22	none	none	0	0	0	0	0
196	2507-2116	Oval	2106	2493	20	29	none	none	0	0	0	0	0
197	2260-2141	Oval	2131	2249	20	22	none	none	0	0	0	0	0
198	2237-2127	Oval	2115	2226	25	22	none	none	0	0	0	0	0
199	2268-2120	Oval	2109	2256	22	24	none	none	0	0	0	0	0
200	2191-2040	Oval	2026	2180	28	23	none	none	0	0	0	0	0
201	2303-2038	Oval	2026	2289	24	29	none	none	0	0	0	0	0
202	2345-1934	Oval	1921	2336	27	18	none	none	0	0	0	0	0
203	2484-2042	Oval	2035	2472	14	25	none	none	0	0	0	0	0
204	2481-2025	Oval	2013	2465	25	33	none	none	0	0	0	0	0
205	2486-2058	Oval	2050	2472	17	29	none	none	0	0	0	0	0
206	2524-2053	Oval	2044	2513	18	22	none	none	0	0	0	0	0
207	1885-2282	Oval	2269	1872	27	26	none	none	0	0	0	0	0
208	2140-2304	Oval	2290	2123	28	35	none	none	0	0	0	0	0
209	2189-2199	Oval	2184	2174	31	30	none	none	0	0	0	0	0
210	2239-2215	Oval	2193	2224	45	30	none	none	0	0	0	0	0
211	2138-2339	Oval	2320	2122	38	32	none	none	0	0	0	0	0
212	2260-2412	Oval	2396	2246	32	29	none	none	0	0	0	0	0
213	2276-2457	Oval	2442	2256	30	40	none	none	0	0	0	0	0
214	1925-2110	Oval	2094	1912	32	26	none	none	0	0	0	0	0
215	1921-2207	Oval	2190	1905	34	32	none	none	0	0	0	0	0
216	1992-2204	Oval	2184	1978	41	28	none	none	0	0	0	0	0
217	1927-2292	Oval	2275	1916	35	22	none	none	0	0	0	0	0
218	2053-2198	Oval	2183	2039	31	29	none	none	0	0	0	0	0
219	1964-2412	Oval	2398	1951	28	27	none	none	0	0	0	0	0
220	2007-2515	Oval	2498	1988	34	39	none	none	0	0	0	0	0
221	2168-2442	Oval	2424	2154	36	28	none	none	0	0	0	0	0
222	2125-2395	Oval	2379	2108	33	34	none	none	0	0	0	0	0
223	2126-2416	Oval	2400	2106	32	40	none	none	0	0	0	0	0
224	2014-2213	Oval	2204	2004	18	21	none	none	0	0	0	0	0
225	2098-2205	Oval	2195	2085	20	27	none	none	0	0	0	0	0
226	1942-2263	Oval	2248	1928	30	28	none	none	0	0	0	0	0
227	1992-2305	Oval	2293	1974	25	36	none	none	0	0	0	0	0
228	1830-2287	Oval	2275	1820	25	21	none	none	0	0	0	0	0
229	1852-2300	Oval	2289	1846	23	13	none	none	0	0	0	0	0
230	2007-2471	Oval	2459	1995	25	25	none	none	0	0	0	0	0
231	2035-2219	Oval	2206	2022	27	26	none	none	0	0	0	0	0
232	2066-2470	Oval	2452	2042	37	48	none	none	0	0	0	0	0
233	1837-2134	Oval	2122	1820	24	35	none	none	0	0	0	0	0
234	1874-2510	Oval	2492	1859	36	30	none	none	0	0	0	0	0
235	2007-2404	Oval	2392	1997	25	20	none	none	0	0	0	0	0
236	2027-2399	Oval	2387	2016	25	23	none	none	0	0	0	0	0
237	1851-2448	Oval	2430	1836	36	30	none	none	0	0	0	0	0
238	1818-2422	Oval	2411	1806	22	25	none	none	0	0	0	0	0
239	1818-2488	Oval	2474	1804	29	28	none	none	0	0	0	0	0
240	1865-2549	Oval	2538	1852	22	26	none	none	0	0	0	0	0
241	2347-2521	Oval	2512	2328	18	38	none	none	0	0	0	0	0
242	2356-2421	Oval	2402	2347	38	19	none	none	0	0	0	0	0
243	2335-2344	Oval	2330	2322	28	26	none	none	0	0	0	0	0
244	2372-2339	Oval	2323	2360	32	25	none	none	0	0	0	0	0
245	2363-2556	Oval	2540	2347	32	33	none	none	0	0	0	0	0
246	1229-1924	Oval	1908	1219	33	21	none	none	0	0	0	0	0
247	1124-1864	Oval	1852	1112	25	25	none	none	0	0	0	0	0
248	1267-1886	Oval	1869	1256	34	23	none	none	0	0	0	0	0
249	1352-2357	Oval	2343	1337	29	31	none	none	0	0	0	0	0
250	1298-2301	Oval	2283	1283	36	30	none	none	0	0	0	0	0
251	1134-2229	Oval	2217	1124	24	20	none	none	0	0	0	0	0
252	1140-2276	Oval	2265	1125	22	31	none	none	0	0	0	0	0
253	1094-2060	Oval	2049	1081	22	27	none	none	0	0	0	0	0
254	1188-2108	Oval	2092	1176	33	25	none	none	0	0	0	0	0
255	1361-1846	Oval	1830	1348	33	26	none	none	0	0	0	0	0
256	1304-2087	Oval	2071	1288	32	33	none	none	0	0	0	0	0
257	1167-1777	Oval	1765	1155	24	25	none	none	0	0	0	0	0
258	1152-1881	Oval	1864	1143	34	19	none	none	0	0	0	0	0
259	1176-1886	Oval	1871	1167	30	19	none	none	0	0	0	0	0
260	1249-1811	Oval	1798	1237	27	24	none	none	0	0	0	0	0
261	1273-1833	Oval	1823	1264	20	18	none	none	0	0	0	0	0
262	1448-1918	Oval	1903	1438	30	20	none	none	0	0	0	0	0
263	1366-2163	Oval	2147	1353	32	27	none	none	0	0	0	0	0
264	1365-2205	Oval	2189	1352	32	26	none	none	0	0	0	0	0
265	1407-2158	Oval	2145	1394	27	27	none	none	0	0	0	0	0
266	1538-2313	Oval	2303	1528	21	20	none	none	0	0	0	0	0
267	1417-1907	Oval	1893	1408	29	18	none	none	0	0	0	0	0
268	1404-2304	Oval	2287	1388	34	32	none	none	0	0	0	0	0
269	1447-2272	Oval	2257	1433	30	29	none	none	0	0	0	0	0
270	1480-2296	Oval	2285	1466	23	29	none	none	0	0	0	0	0
271	1585-2333	Oval	2324	1575	18	21	none	none	0	0	0	0	0
272	1590-2317	Oval	2306	1576	22	29	none	none	0	0	0	0	0
273	1249-1981	Oval	1969	1235	24	29	none	none	0	0	0	0	0
274	1445-2196	Oval	2179	1433	34	25	none	none	0	0	0	0	0
275	1130-1721	Oval	1710	1119	23	22	none	none	0	0	0	0	0
276	1124-1691	Oval	1678	1109	26	30	none	none	0	0	0	0	0
277	1266-1582	Oval	1566	1253	32	26	none	none	0	0	0	0	0
278	1274-1657	Oval	1645	1263	24	22	none	none	0	0	0	0	0
279	1238-1554	Oval	1538	1227	32	22	none	none	0	0	0	0	0
280	1093-1714	Oval	1701	1085	26	17	none	none	0	0	0	0	0
281	1123-1613	Oval	1598	1107	30	32	none	none	0	0	0	0	0
282	1091-1631	Oval	1614	1077	34	29	none	none	0	0	0	0	0
283	1172-1583	Oval	1573	1161	20	23	none	none	0	0	0	0	0
284	1139-1573	Oval	1557	1125	33	28	none	none	0	0	0	0	0
285	1136-1526	Oval	1512	1121	28	30	none	none	0	0	0	0	0
286	1137-1500	Oval	1485	1123	30	29	none	none	0	0	0	0	0
287	1153-1544	Oval	1531	1140	27	26	none	none	0	0	0	0	0
288	1183-1483	Oval	1465	1168	36	30	none	none	0	0	0	0	0
289	1172-1513	Oval	1501	1161	24	22	none	none	0	0	0	0	0
290	1185-1542	Oval	1529	1174	27	22	none	none	0	0	0	0	0
291	1219-1498	Oval	1485	1210	27	19	none	none	0	0	0	0	0
292	1087-1593	Oval	1579	1073	28	28	none	none	0	0	0	0	0
293	1145-1974	Oval	1957	1130	34	31	none	none	0	0	0	0	0
294	1081-2108	Oval	2093	1068	30	26	none	none	0	0	0	0	0
295	1052-2032	Oval	2009	1036	47	32	none	none	0	0	0	0	0
296	1042-2086	Oval	2067	1021	38	43	none	none	0	0	0	0	0
297	0951-1896	Oval	1875	933	42	37	none	none	0	0	0	0	0
298	1002-1886	Oval	1867	986	38	32	none	none	0	0	0	0	0
299	1049-1920	Oval	1903	1036	34	26	none	none	0	0	0	0	0
300	1051-1872	Oval	1857	1038	30	26	none	none	0	0	0	0	0
301	1023-1842	Oval	1828	1009	28	28	none	none	0	0	0	0	0
302	0992-1791	Oval	1777	984	28	16	none	none	0	0	0	0	0
303	0981-1748	Oval	1735	972	27	18	none	none	0	0	0	0	0
304	1008-1651	Oval	1637	998	28	20	none	none	0	0	0	0	0
305	1017-1702	Oval	1689	1002	27	30	none	none	0	0	0	0	0
306	1044-1728	Oval	1713	1032	30	24	none	none	0	0	0	0	0
307	1019-1791	Oval	1777	1012	28	14	none	none	0	0	0	0	0
308	1055-1774	Oval	1764	1046	21	18	none	none	0	0	0	0	0
309	1054-1808	Oval	1795	1046	26	16	none	none	0	0	0	0	0
310	1033-1637	Oval	1617	1016	41	34	none	none	0	0	0	0	0
311	2614-1903	Oval	1892	2602	23	25	none	none	0	0	0	0	0
312	2555-1818	Oval	1810	2548	16	14	none	none	0	0	0	0	0
313	2614-1793	Oval	1778	2602	31	25	none	none	0	0	0	0	0
314	2681-1993	Oval	1977	2663	32	36	none	none	0	0	0	0	0
315	2640-1760	Oval	1748	2628	24	24	none	none	0	0	0	0	0
316	2718-2014	Oval	2002	2704	25	28	none	none	0	0	0	0	0
317	2695-1832	Oval	1819	2681	26	28	none	none	0	0	0	0	0
318	2635-1820	Oval	1803	2622	34	26	none	none	0	0	0	0	0
319	2273-1922	Oval	1913	2258	18	30	none	none	0	0	0	0	0
320	2277-1899	Oval	1886	2268	26	18	none	none	0	0	0	0	0
321	2172-1621	Oval	1609	2162	24	20	none	none	0	0	0	0	0
322	2150-1599	Oval	1587	2139	24	23	none	none	0	0	0	0	0
323	2191-1687	Oval	1674	2183	27	16	none	none	0	0	0	0	0
324	2224-1684	Oval	1672	2212	24	25	none	none	0	0	0	0	0
325	1833-2163	Oval	2151	1822	24	23	none	none	0	0	0	0	0
326	1881-2169	Oval	2153	1869	33	24	none	none	0	0	0	0	0
327	1616-2422	Oval	2408	1603	29	26	none	none	0	0	0	0	0
328	1707-2293	Oval	2280	1685	27	44	none	none	0	0	0	0	0
329	1872-2341	Oval	2327	1863	29	19	none	none	0	0	0	0	0
330	2025-2271	Oval	2253	2015	36	21	none	none	0	0	0	0	0
331	1709-2380	Oval	2369	1698	23	23	none	none	0	0	0	0	0
332	1731-2373	Oval	2362	1719	23	25	none	none	0	0	0	0	0
333	1753-2381	Oval	2370	1745	23	17	none	none	0	0	0	0	0
334	1787-2404	Oval	2392	1775	24	24	none	none	0	0	0	0	0
335	1764-2516	Oval	2508	1755	17	19	none	none	0	0	0	0	0
336	1770-2385	Oval	2374	1762	23	17	none	none	0	0	0	0	0
337	1520-2363	Oval	2354	1510	18	21	none	none	0	0	0	0	0
338	1525-2499	Oval	2484	1514	30	23	none	none	0	0	0	0	0
339	1650-2518	Oval	2501	1636	34	28	none	none	0	0	0	0	0
340	1591-2586	Oval	2577	1580	18	22	none	none	0	0	0	0	0
341	1638-2550	Oval	2539	1622	23	32	none	none	0	0	0	0	0
342	1626-2597	Oval	2586	1616	23	21	none	none	0	0	0	0	0
343	1541-2378	Oval	2365	1530	27	22	none	none	0	0	0	0	0
344	1523-2381	Oval	2370	1514	22	19	none	none	0	0	0	0	0
345	1475-2504	Oval	2491	1464	27	22	none	none	0	0	0	0	0
346	1390-2395	Oval	2380	1379	30	23	none	none	0	0	0	0	0
347	1294-2369	Oval	2355	1282	28	24	none	none	0	0	0	0	0
348	1424-2393	Oval	2379	1412	29	25	none	none	0	0	0	0	0
349	1445-2393	Oval	2378	1434	30	22	none	none	0	0	0	0	0
350	1461-2401	Oval	2385	1453	32	17	none	none	0	0	0	0	0
351	1444-2420	Oval	2409	1434	22	20	none	none	0	0	0	0	0
352	1210-2247	Oval	2237	1201	20	18	none	none	0	0	0	0	0
353	1213-2273	Oval	2259	1198	28	30	none	none	0	0	0	0	0
354	1216-2334	Oval	2318	1207	33	18	none	none	0	0	0	0	0
355	1188-2332	Oval	2319	1177	26	22	none	none	0	0	0	0	0
356	2396-1345	Oval	1327	2381	36	30	none	none	0	0	0	0	0
357	2486-1406	Oval	1388	2472	36	29	none	none	0	0	0	0	0
358	2479-1367	Oval	1348	2467	39	24	none	none	0	0	0	0	0
359	2493-1339	Oval	1319	2472	40	43	none	none	0	0	0	0	0
360	2536-1362	Oval	1350	2525	25	23	none	none	0	0	0	0	0
361	2562-1373	Oval	1351	2552	45	20	none	none	0	0	0	0	0
362	2449-1232	Oval	1212	2435	40	29	none	none	0	0	0	0	0
363	2461-1203	Oval	1186	2445	35	32	none	none	0	0	0	0	0
364	2461-1175	Oval	1162	2443	27	37	none	none	0	0	0	0	0
365	2713-1502	Oval	1486	2697	32	33	none	none	0	0	0	0	0
366	2724-1388	Oval	1366	2710	45	28	none	none	0	0	0	0	0
367	2745-1439	Oval	1419	2732	40	27	none	none	0	0	0	0	0
368	2600-1294	Oval	1274	2584	40	32	none	none	0	0	0	0	0
369	2634-1431	Oval	1414	2615	34	38	none	none	0	0	0	0	0
370	1851-1376	Oval	1363	1838	27	26	none	none	0	0	0	0	0
371	2220-1132	Oval	1120	2209	24	23	none	none	0	0	0	0	0
372	2224-1089	Oval	1074	2209	30	31	none	none	0	0	0	0	0
373	2415-1075	Oval	1064	2403	23	25	none	none	0	0	0	0	0
374	2271-1276	Oval	1264	2258	25	27	none	none	0	0	0	0	0
375	2153-1269	Oval	1256	2139	26	28	none	none	0	0	0	0	0
376	2382-1187	Oval	1175	2373	25	19	none	none	0	0	0	0	0
377	2010-1096	Oval	1085	1999	23	22	none	none	0	0	0	0	0
378	1901-1338	Oval	1326	1893	24	16	none	none	0	0	0	0	0
379	2073-1186	Oval	1176	2060	20	27	none	none	0	0	0	0	0
380	2080-1100	Oval	1090	2070	20	20	none	none	0	0	0	0	0
381	1967-1095	Oval	1085	1957	20	20	none	none	0	0	0	0	0
382	2021-1014	Oval	1002	2011	24	20	none	none	0	0	0	0	0
383	2043-1045	Oval	1036	2033	18	20	none	none	0	0	0	0	0
384	1915-1003	Oval	992	1904	22	23	none	none	0	0	0	0	0
385	2669-1292	Oval	1282	2658	21	22	none	none	0	0	0	0	0
386	2664-1233	Oval	1222	2653	22	22	none	none	0	0	0	0	0
387	2740-1195	Oval	1184	2728	23	25	none	none	0	0	0	0	0
388	1140-1352	Oval	1338	1131	29	19	none	none	0	0	0	0	0
389	1196-1328	Oval	1314	1185	29	23	none	none	0	0	0	0	0
390	1377-1299	Oval	1288	1368	22	19	none	none	0	0	0	0	0
391	1325-1321	Oval	1309	1315	25	20	none	none	0	0	0	0	0
392	1663-1420	Oval	1410	1654	21	18	none	none	0	0	0	0	0
393	1898-1730	Oval	1724	1889	12	18	none	none	0	0	0	0	0
394	1707-1346	Oval	1336	1696	21	22	none	none	0	0	0	0	0
395	2320-1361	Oval	1352	2312	18	17	none	none	0	0	0	0	0
396	2706-1634	Oval	1622	2697	25	19	none	none	0	0	0	0	0
397	2635-1698	Oval	1686	2625	25	20	none	none	0	0	0	0	0
398	2404-1436	Oval	1426	2392	21	24	none	none	0	0	0	0	0
399	2328-1678	Oval	1670	2319	17	18	none	none	0	0	0	0	0
400	2307-1699	Oval	1690	2301	18	12	none	none	0	0	0	0	0
401	2341-1414	Oval	1402	2331	24	20	none	none	0	0	0	0	0
402	2602-1461	Oval	1453	2593	17	19	none	none	0	0	0	0	0
403	2768-1419	Oval	1409	2760	21	17	none	none	0	0	0	0	0
404	2843-1396	Oval	1386	2833	21	20	none	none	0	0	0	0	0
405	2668-1573	Oval	1563	2659	21	18	none	none	0	0	0	0	0
406	2645-1537	Oval	1529	2637	17	17	none	none	0	0	0	0	0
407	2651-1553	Oval	1546	2642	15	19	none	none	0	0	0	0	0
408	2723-1668	Oval	1658	2714	21	19	none	none	0	0	0	0	0
409	2741-1698	Oval	1688	2731	20	20	none	none	0	0	0	0	0
410	2746-1672	Oval	1664	2738	16	17	none	none	0	0	0	0	0
411	2763-1651	Oval	1641	2754	20	18	none	none	0	0	0	0	0
412	2798-1695	Oval	1685	2787	21	22	none	none	0	0	0	0	0
413	2822-1646	Oval	1633	2809	26	26	none	none	0	0	0	0	0
414	2876-1658	Oval	1651	2865	15	22	none	none	0	0	0	0	0
415	2913-1724	Oval	1713	2903	23	20	none	none	0	0	0	0	0
416	2572-1964	Oval	1957	2566	14	13	none	none	0	0	0	0	0
417	2621-2088	Oval	2074	2610	28	23	none	none	0	0	0	0	0
418	2352-2253	Oval	2247	2344	13	17	none	none	0	0	0	0	0
419	2446-2317	Oval	2309	2440	17	13	none	none	0	0	0	0	0
420	2532-2339	Oval	2329	2521	20	23	none	none	0	0	0	0	0
421	2037-2067	Oval	2056	2029	23	17	none	none	0	0	0	0	0
422	1992-2017	Oval	2011	1985	12	15	none	none	0	0	0	0	0
423	1877-2258	Oval	2251	1868	14	18	none	none	0	0	0	0	0
424	1901-2455	Oval	2447	1894	16	15	none	none	0	0	0	0	0
425	1943-2429	Oval	2421	1936	16	14	none	none	0	0	0	0	0
426	1975-2338	Oval	2328	1970	20	11	none	none	0	0	0	0	0
427	2094-2223	Oval	2218	2084	11	21	none	none	0	0	0	0	0
428	2183-2225	Oval	2216	2174	18	18	none	none	0	0	0	0	0
429	1598-2199	Oval	2191	1589	17	18	none	none	0	0	0	0	0
430	1604-2274	Oval	2268	1598	12	13	none	none	0	0	0	0	0
431	1609-2290	Oval	2283	1600	15	18	none	none	0	0	0	0	0
432	1651-2316	Oval	2310	1642	12	18	none	none	0	0	0	0	0
433	1337-2225	Oval	2214	1327	22	20	none	none	0	0	0	0	0
434	1315-2176	Oval	2166	1305	21	20	none	none	0	0	0	0	0
435	1289-2197	Oval	2188	1281	19	17	none	none	0	0	0	0	0
436	1251-2024	Oval	2013	1243	22	16	none	none	0	0	0	0	0
437	1398-2087	Oval	2080	1390	15	17	none	none	0	0	0	0	0
438	1332-2082	Oval	2073	1323	19	18	none	none	0	0	0	0	0
439	1427-1832	Oval	1821	1417	23	20	none	none	0	0	0	0	0
440	1378-1877	Oval	1869	1367	17	22	none	none	0	0	0	0	0
441	1321-2423	Oval	2416	1315	14	12	none	none	0	0	0	0	0
442	1302-2409	Oval	2402	1296	15	13	none	none	0	0	0	0	0
443	1299-2508	Oval	2502	1293	12	13	none	none	0	0	0	0	0
444	1493-2638	Oval	2630	1484	17	19	none	none	0	0	0	0	0
445	1448-2651	Oval	2641	1436	20	25	none	none	0	0	0	0	0
446	1405-2657	Oval	2651	1395	13	20	none	none	0	0	0	0	0
447	1437-2584	Oval	2575	1427	19	20	none	none	0	0	0	0	0
448	1533-2589	Oval	2583	1524	13	18	none	none	0	0	0	0	0
449	1542-2693	Oval	2685	1533	17	19	none	none	0	0	0	0	0
450	1542-2670	Oval	2662	1532	17	21	none	none	0	0	0	0	0
451	1637-2670	Oval	2657	1626	26	23	none	none	0	0	0	0	0
452	1257-2600	Oval	2588	1247	25	20	none	none	0	0	0	0	0
453	1078-2486	Oval	2477	1068	18	20	none	none	0	0	0	0	0
454	1174-2495	Oval	2486	1164	19	20	none	none	0	0	0	0	0
455	1190-2450	Oval	2436	1180	28	21	none	none	0	0	0	0	0
456	1251-2474	Oval	2466	1242	17	19	none	none	0	0	0	0	0
457	1339-2650	Oval	2640	1328	20	22	none	none	0	0	0	0	0
458	1351-2586	Oval	2578	1341	17	20	none	none	0	0	0	0	0
459	0983-2384	Oval	2376	974	17	18	none	none	0	0	0	0	0
460	1067-2252	Oval	2242	1059	20	17	none	none	0	0	0	0	0
461	1448-2797	Oval	2789	1441	17	14	none	none	0	0	0	0	0
462	1696-2740	Oval	2730	1687	21	18	none	none	0	0	0	0	0
463	1647-2757	Oval	2747	1637	20	20	none	none	0	0	0	0	0
464	1722-2720	Oval	2710	1711	20	23	none	none	0	0	0	0	0
465	1745-2666	Oval	2655	1732	23	27	none	none	0	0	0	0	0
466	1853-2716	Oval	2706	1847	21	13	none	none	0	0	0	0	0
467	1912-2717	Oval	2711	1903	13	18	none	none	0	0	0	0	0
468	1998-2673	Oval	2664	1988	19	20	none	none	0	0	0	0	0
469	2022-2679	Oval	2670	2014	18	16	none	none	0	0	0	0	0
470	2062-2646	Oval	2635	2052	23	21	none	none	0	0	0	0	0
471	2134-2570	Oval	2564	2126	13	17	none	none	0	0	0	0	0
472	1924-2645	Oval	2638	1915	15	19	none	none	0	0	0	0	0
473	1952-2665	Oval	2659	1944	12	17	none	none	0	0	0	0	0
474	2275-1400	Oval	1392	2266	17	19	none	none	0	0	0	0	0
475	2270-1377	Oval	1369	2261	16	18	none	none	0	0	0	0	0
476	2090-0987	Oval	977	2081	21	18	none	none	0	0	0	0	0
477	2051-1072	Oval	1062	2043	21	16	none	none	0	0	0	0	0
478	1980-0988	Oval	975	1971	26	19	none	none	0	0	0	0	0
479	1872-1105	Oval	1092	1860	26	24	none	none	0	0	0	0	0
480	1876-1193	Oval	1186	1866	14	21	none	none	0	0	0	0	0
481	1909-1093	Oval	1084	1902	18	14	none	none	0	0	0	0	0
482	1923-1076	Oval	1070	1913	12	20	none	none	0	0	0	0	0
483	1555-1071	Oval	1062	1544	18	23	none	none	0	0	0	0	0
484	1549-1146	Oval	1130	1535	32	28	none	none	0	0	0	0	0
485	1564-1027	Oval	1016	1553	22	22	none	none	0	0	0	0	0
486	1635-1066	Oval	1056	1625	21	21	none	none	0	0	0	0	0
487	1663-1114	Oval	1104	1653	20	20	none	none	0	0	0	0	0
488	1686-1123	Oval	1113	1677	20	18	none	none	0	0	0	0	0
489	1706-1167	Oval	1160	1697	14	18	none	none	0	0	0	0	0
490	1716-1197	Oval	1189	1704	17	24	none	none	0	0	0	0	0
491	1731-1175	Oval	1166	1722	18	19	none	none	0	0	0	0	0
492	1722-1154	Oval	1147	1713	15	19	none	none	0	0	0	0	0
493	1411-1112	Oval	1103	1401	18	21	none	none	0	0	0	0	0
494	1393-1154	Oval	1140	1381	28	25	none	none	0	0	0	0	0
495	1153-1306	Oval	1296	1143	20	21	none	none	0	0	0	0	0
496	0942-1551	Oval	1538	932	26	20	none	none	0	0	0	0	0
497	0930-1619	Oval	1607	918	25	25	none	none	0	0	0	0	0
498	1043-1553	Oval	1542	1030	23	26	none	none	0	0	0	0	0
499	1072-1674	Oval	1664	1062	20	21	none	none	0	0	0	0	0
500	1128-1649	Oval	1640	1119	18	18	none	none	0	0	0	0	0
501	1102-1838	Oval	1829	1093	19	18	none	none	0	0	0	0	0
502	1128-1833	Oval	1824	1117	18	22	none	none	0	0	0	0	0
503	1158-1694	Oval	1685	1145	18	26	none	none	0	0	0	0	0
504	1227-1759	Oval	1749	1216	21	23	none	none	0	0	0	0	0
505	1181-1653	Oval	1638	1173	30	16	none	none	0	0	0	0	0
506	1139-1776	Oval	1765	1129	23	20	none	none	0	0	0	0	0
507	0755-1899	Oval	1889	744	20	23	none	none	0	0	0	0	0
508	0728-1903	Oval	1893	716	21	24	none	none	0	0	0	0	0
509	0689-1935	Oval	1923	679	24	20	none	none	0	0	0	0	0
510	0655-1940	Oval	1926	642	28	26	none	none	0	0	0	0	0
511	0674-1983	Oval	1977	663	12	23	none	none	0	0	0	0	0
512	0701-2008	Oval	1999	692	18	18	none	none	0	0	0	0	0
513	0979-2074	Oval	2066	967	17	24	none	none	0	0	0	0	0
514	0756-1546	Oval	1538	746	16	21	none	none	0	0	0	0	0
515	0847-1598	Oval	1584	836	29	22	none	none	0	0	0	0	0
516	0864-1629	Oval	1616	855	26	18	none	none	0	0	0	0	0
517	0725-1721	Oval	1714	717	14	16	none	none	0	0	0	0	0
518	0721-1742	Oval	1734	711	16	20	none	none	0	0	0	0	0
519	0696-1751	Oval	1742	687	18	19	none	none	0	0	0	0	0
520	0670-1798	Oval	1786	659	24	22	none	none	0	0	0	0	0
521	1090-1298	Oval	1285	1078	27	24	none	none	0	0	0	0	0
522	1146-1277	Oval	1268	1137	19	19	none	none	0	0	0	0	0
523	1115-1254	Oval	1244	1105	20	20	none	none	0	0	0	0	0
524	1105-1197	Oval	1185	1095	25	20	none	none	0	0	0	0	0
525	1052-1317	Oval	1309	1045	16	15	none	none	0	0	0	0	0
526	1059-1343	Oval	1334	1048	18	22	none	none	0	0	0	0	0
527	1012-1324	Oval	1314	1001	21	22	none	none	0	0	0	0	0
528	1030-1288	Oval	1280	1021	16	18	none	none	0	0	0	0	0
529	1012-1277	Oval	1269	1004	17	16	none	none	0	0	0	0	0
530	0957-1322	Oval	1306	943	32	28	none	none	0	0	0	0	0
531	0760-1337	Oval	1327	749	20	23	none	none	0	0	0	0	0
532	1482-1580	Oval	1571	1474	18	16	none	none	0	0	0	0	0
533	1489-1316	Oval	1307	1481	18	16	none	none	0	0	0	0	0
534	1492-1340	Oval	1330	1482	20	20	none	none	0	0	0	0	0
535	1476-1001	Oval	987	1464	28	25	none	none	0	0	0	0	0
536	1351-1202	Oval	1195	1341	14	21	none	none	0	0	0	0	0
537	1477-1107	Oval	1096	1469	23	17	none	none	0	0	0	0	0
538	1477-1213	Oval	1203	1465	21	24	none	none	0	0	0	0	0
539	2431-1108	Oval	1095	2421	26	20	none	none	0	0	0	0	0
540	2443-2244	Oval	2237	2435	15	17	none	none	0	0	0	0	0
541	2636-2321	Oval	2308	2624	27	24	none	none	0	0	0	0	0
542	2656-2281	Oval	2266	2642	30	28	none	none	0	0	0	0	0
543	2679-2316	Oval	2305	2668	23	23	none	none	0	0	0	0	0
544	2480-2429	Oval	2414	2470	30	21	none	none	0	0	0	0	0
545	2508-2446	Oval	2438	2498	17	21	none	none	0	0	0	0	0
546	2401-2462	Oval	2453	2389	19	24	none	none	0	0	0	0	0
547	2456-2511	Oval	2500	2444	23	25	none	none	0	0	0	0	0
548	2485-2489	Oval	2478	2475	22	20	none	none	0	0	0	0	0
549	1964-2444	Oval	2430	1955	28	18	none	none	0	0	0	0	0
550	1415-1782	Oval	1771	1406	23	19	none	none	0	0	0	0	0
551	1317-1833	Oval	1823	1307	21	20	none	none	0	0	0	0	0
552	1293-1854	Oval	1841	1284	26	18	none	none	0	0	0	0	0
553	1243-1878	Oval	1864	1232	29	22	none	none	0	0	0	0	0
554	1411-2058	Oval	2049	1403	19	17	none	none	0	0	0	0	0
555	1455-1974	Oval	1963	1445	22	21	none	none	0	0	0	0	0
556	1507-1818	Oval	1804	1497	28	21	none	none	0	0	0	0	0
557	1547-1938	Oval	1927	1539	23	16	none	none	0	0	0	0	0
558	1526-2041	Oval	2029	1518	25	17	none	none	0	0	0	0	0
559	1419-2191	Oval	2182	1411	18	17	none	none	0	0	0	0	0
560	1510-1690	Oval	1680	1500	20	20	none	none	0	0	0	0	0
561	1563-1814	Oval	1806	1553	17	21	none	none	0	0	0	0	0
562	1617-1745	Oval	1738	1607	14	20	none	none	0	0	0	0	0
563	1594-1787	Oval	1778	1588	19	13	none	none	0	0	0	0	0
564	1542-1601	Oval	1595	1534	13	17	none	none	0	0	0	0	0
565	1990-1820	Oval	1811	1981	19	18	none	none	0	0	0	0	0
566	2297-2169	Oval	2161	2288	16	19	none	none	0	0	0	0	0
567	1198-2042	Oval	2032	1187	20	23	none	none	0	0	0	0	0
568	1284-1985	Oval	1972	1274	27	21	none	none	0	0	0	0	0
569	1345-2122	Oval	2113	1338	19	15	none	none	0	0	0	0	0
570	1270-2172	Oval	2164	1261	16	18	none	none	0	0	0	0	0
571	2763-2236	Oval	2224	2749	25	28	none	none	0	0	0	0	0
572	1436-2478	Oval	2468	1428	20	16	none	none	0	0	0	0	0
573	1432-2343	Oval	2330	1424	26	17	none	none	0	0	0	0	0
574	1399-2224	Oval	2216	1392	16	14	none	none	0	0	0	0	0
575	1374-2426	Oval	2415	1366	23	17	none	none	0	0	0	0	0
576	1010-2624	Oval	2610	996	29	28	none	none	0	0	0	0	0
577	1496-2754	Oval	2741	1485	27	22	none	none	0	0	0	0	0
578	1278-1389	Oval	1377	1270	24	17	none	none	0	0	0	0	0
579	1808-2191	Oval	2179	1796	24	24	none	none	0	0	0	0	0
580	2877-2010	Oval	1994	2866	32	23	none	none	0	0	0	0	0
581	2852-1984	Oval	1973	2841	22	23	none	none	0	0	0	0	0
582	2883-1962	Oval	1949	2869	27	29	none	none	0	0	0	0	0
583	2778-1965	Oval	1956	2765	19	27	none	none	0	0	0	0	0
584	2652-1921	Oval	1912	2643	19	19	none	none	0	0	0	0	0
585	2150-2081	Oval	2069	2138	24	24	none	none	0	0	0	0	0
586	2304-1852	Oval	1838	2293	28	23	none	none	0	0	0	0	0
587	2708-2066	Oval	2053	2696	26	24	none	none	0	0	0	0	0
588	2788-2013	Oval	2000	2775	26	26	none	none	0	0	0	0	0
589	2277-2067	Oval	2056	2266	22	22	none	none	0	0	0	0	0
590	2081-2277	Oval	2264	2071	26	21	none	none	0	0	0	0	0
591	1997-2345	Oval	2338	1988	15	19	none	none	0	0	0	0	0
592	1669-2305	Oval	2297	1660	16	18	none	none	0	0	0	0	0
593	1742-2256	Oval	2243	1733	27	19	none	none	0	0	0	0	0
