0	1795-2511	Oval	2497	1782	29	27	yellow	none	0	0	0	0	0
1	1943-2372	Oval	2360	1929	24	28	none	none	0	0	0	0	0
2	2021-2135	Oval	2125	2010	21	22	none	none	0	0	0	0	0
3	1966-2206	Oval	2197	1956	18	21	none	none	0	0	0	0	0
4	1965-2163	Oval	2154	1951	19	29	none	none	0	0	0	0	0
5	2053-2095	Oval	2083	2043	24	20	none	none	0	0	0	0	0
6	2031-2050	Oval	2039	2020	23	23	none	none	0	0	0	0	0
7	1892-2193	Oval	2183	1882	21	21	none	none	0	0	0	0	0
8	1835-2326	Oval	2312	1823	28	25	none	none	0	0	0	0	0
9	1819-2436	Oval	2425	1810	23	18	none	none	0	0	0	0	0
10	1906-2492	Oval	2484	1895	17	23	none	none	0	0	0	0	0
11	1914-2309	Oval	2300	1905	19	18	none	none	0	0	0	0	0
12	2049-2330	Oval	2322	2041	17	17	none	none	0	0	0	0	0
13	2078-2328	Oval	2318	2072	20	12	none	none	0	0	0	0	0
14	2079-2385	Oval	2375	2069	20	21	none	none	0	0	0	0	0
15	2162-2511	Oval	2501	2151	20	22	none	none	0	0	0	0	0
16	2097-2243	Oval	2227	2088	32	19	none	none	0	0	0	0	0
17	2187-2007	Oval	1991	2174	33	26	none	none	0	0	0	0	0
18	2261-2161	Oval	2142	2252	38	18	none	none	0	0	0	0	0
19	2299-2149	Oval	2138	2292	22	15	none	none	0	0	0	0	0
20	2312-2116	Oval	2107	2303	18	18	none	none	0	0	0	0	0
21	2205-2138	Oval	2132	2198	13	14	none	none	0	0	0	0	0
22	2216-2153	Oval	2143	2207	20	18	none	none	0	0	0	0	0
23	2193-2326	Oval	2314	2183	24	21	none	none	0	0	0	0	0
24	2151-2307	Oval	2297	2142	20	18	none	none	0	0	0	0	0
25	2188-2354	Oval	2343	2177	22	23	none	none	0	0	0	0	0
26	2250-2389	Oval	2379	2239	21	22	none	none	0	0	0	0	0
27	2201-2384	Oval	2375	2192	19	18	none	none	0	0	0	0	0
28	2280-2357	Oval	2344	2269	26	22	none	none	0	0	0	0	0
29	2065-2229	Oval	2220	2056	19	19	none	none	0	0	0	0	0
30	1845-2130	Oval	2121	1838	18	15	none	none	0	0	0	0	0
31	2487-2136	Oval	2120	2474	32	26	none	none	0	0	0	0	0
32	2487-2180	Oval	2169	2474	23	26	none	none	0	0	0	0	0
33	2428-2216	Oval	2204	2419	24	18	none	none	0	0	0	0	0
34	2389-2205	Oval	2194	2379	22	20	none	none	0	0	0	0	0
35	2342-2276	Oval	2267	2333	19	19	none	none	0	0	0	0	0
36	2281-2426	Oval	2417	2270	18	23	none	none	0	0	0	0	0
37	2265-2440	Oval	2431	2257	19	17	none	none	0	0	0	0	0
38	2234-2528	Oval	2518	2225	21	19	none	none	0	0	0	0	0
39	2409-1947	Oval	1937	2401	20	16	none	none	0	0	0	0	0
40	2387-1951	Oval	1936	2377	31	20	none	none	0	0	0	0	0
41	2626-2107	Oval	2098	2616	18	20	none	none	0	0	0	0	0
42	2691-2130	Oval	2119	2683	22	16	none	none	0	0	0	0	0
43	2712-2146	Oval	2134	2706	25	13	none	none	0	0	0	0	0
44	2556-2140	Oval	2129	2546	23	21	none	none	0	0	0	0	0
45	2536-2119	Oval	2111	2527	17	18	none	none	0	0	0	0	0
46	2524-2089	Oval	2078	2518	22	13	none	none	0	0	0	0	0
47	2572-2095	Oval	2086	2564	19	17	none	none	0	0	0	0	0
48	2616-1950	Oval	1938	2605	24	22	none	none	0	0	0	0	0
49	2654-2011	Oval	1998	2644	27	20	none	none	0	0	0	0	0
50	2651-2046	Oval	2035	2641	22	21	none	none	0	0	0	0	0
51	2363-1885	Oval	1874	2354	22	19	none	none	0	0	0	0	0
52	2482-2025	Oval	2016	2471	19	23	none	none	0	0	0	0	0
53	2668-1978	Oval	1965	2659	26	18	none	none	0	0	0	0	0
54	2661-1941	Oval	1929	2649	25	24	none	none	0	0	0	0	0
55	2708-1924	Oval	1915	2699	18	18	none	none	0	0	0	0	0
56	2540-2200	Oval	2191	2531	19	18	none	none	0	0	0	0	0
57	2550-2166	Oval	2159	2540	15	21	none	none	0	0	0	0	0
58	2586-2293	Oval	2281	2577	24	18	none	none	0	0	0	0	0
59	2589-2349	Oval	2337	2581	25	17	none	none	0	0	0	0	0
60	2577-2160	Oval	2150	2566	21	23	none	none	0	0	0	0	0
61	2620-2129	Oval	2118	2609	23	23	none	none	0	0	0	0	0
62	2555-2077	Oval	2066	2545	22	21	none	none	0	0	0	0	0
63	2581-2046	Oval	2033	2572	27	18	none	none	0	0	0	0	0
64	2614-2071	Oval	2060	2604	22	21	none	none	0	0	0	0	0
65	2599-2100	Oval	2088	2590	24	18	none	none	0	0	0	0	0
66	2574-2006	Oval	1997	2568	19	13	none	none	0	0	0	0	0
67	2602-2004	Oval	1998	2594	13	16	none	none	0	0	0	0	0
68	2576-1977	Oval	1969	2566	16	20	none	none	0	0	0	0	0
69	2566-1990	Oval	1982	2560	16	12	none	none	0	0	0	0	0
70	2511-1914	Oval	1902	2497	25	28	none	none	0	0	0	0	0
71	2590-1909	Oval	1895	2580	28	21	none	none	0	0	0	0	0
72	2622-1901	Oval	1892	2614	18	16	none	none	0	0	0	0	0
73	2744-2109	Oval	2099	2733	20	23	none	none	0	0	0	0	0
74	2650-1882	Oval	1873	2639	18	22	none	none	0	0	0	0	0
75	2573-1843	Oval	1833	2560	20	27	none	none	0	0	0	0	0
76	2415-2001	Oval	1990	2403	22	24	none	none	0	0	0	0	0
77	2318-2029	Oval	2021	2307	17	22	none	none	0	0	0	0	0
78	2443-2277	Oval	2266	2432	22	23	none	none	0	0	0	0	0
79	2393-2411	Oval	2402	2382	18	23	none	none	0	0	0	0	0
80	2370-2519	Oval	2508	2359	23	22	none	none	0	0	0	0	0
81	2325-2477	Oval	2464	2312	26	27	none	none	0	0	0	0	0
82	2318-2517	Oval	2509	2309	17	19	none	none	0	0	0	0	0
83	2331-2622	Oval	2611	2322	22	18	none	none	0	0	0	0	0
84	2210-2594	Oval	2583	2198	23	25	none	none	0	0	0	0	0
85	2259-2586	Oval	2577	2248	18	23	none	none	0	0	0	0	0
86	2217-2541	Oval	2533	2208	16	19	none	none	0	0	0	0	0
87	2408-2575	Oval	2561	2398	28	21	none	none	0	0	0	0	0
88	2149-2230	Oval	2222	2141	17	17	none	none	0	0	0	0	0
89	2213-2219	Oval	2207	2202	25	22	none	none	0	0	0	0	0
90	2271-2249	Oval	2238	2259	23	25	none	none	0	0	0	0	0
91	2324-2338	Oval	2324	2312	29	24	none	none	0	0	0	0	0
92	2325-2380	Oval	2372	2316	17	18	none	none	0	0	0	0	0
93	2491-2399	Oval	2386	2479	26	24	none	none	0	0	0	0	0
94	2539-2374	Oval	2359	2528	31	22	none	none	0	0	0	0	0
95	2052-2518	Oval	2503	2038	31	28	none	none	0	0	0	0	0
96	2085-2586	Oval	2577	2079	19	13	none	none	0	0	0	0	0
97	2000-2586	Oval	2576	1989	20	23	none	none	0	0	0	0	0
98	1729-2541	Oval	2533	1721	17	17	none	none	0	0	0	0	0
99	1721-2489	Oval	2481	1712	16	19	none	none	0	0	0	0	0
100	1788-2585	Oval	2579	1778	13	21	none	none	0	0	0	0	0
101	1752-2558	Oval	2549	1742	19	21	none	none	0	0	0	0	0
102	1647-2512	Oval	2496	1637	33	21	none	none	0	0	0	0	0
103	1616-2503	Oval	2491	1606	24	21	none	none	0	0	0	0	0
104	1633-2477	Oval	2466	1623	22	21	none	none	0	0	0	0	0
105	1640-2571	Oval	2565	1632	13	17	none	none	0	0	0	0	0
106	1638-2604	Oval	2590	1627	29	23	none	none	0	0	0	0	0
107	1618-2575	Oval	2565	1609	20	19	none	none	0	0	0	0	0
108	1561-2565	Oval	2551	1551	29	20	none	none	0	0	0	0	0
109	1668-2382	Oval	2367	1659	30	18	none	none	0	0	0	0	0
110	1685-2413	Oval	2405	1676	17	18	none	none	0	0	0	0	0
111	1688-2588	Oval	2580	1678	16	20	none	none	0	0	0	0	0
112	1693-2606	Oval	2597	1679	19	28	none	none	0	0	0	0	0
113	1892-2637	Oval	2627	1882	20	21	none	none	0	0	0	0	0
114	1795-2347	Oval	2334	1785	27	21	none	none	0	0	0	0	0
115	1696-2376	Oval	2367	1686	18	21	none	none	0	0	0	0	0
116	1707-2348	Oval	2336	1696	24	22	none	none	0	0	0	0	0
117	1637-2345	Oval	2335	1627	20	20	none	none	0	0	0	0	0
118	1946-2340	Oval	2326	1938	28	17	none	none	0	0	0	0	0
119	1973-2372	Oval	2363	1963	18	21	none	none	0	0	0	0	0
120	1949-2299	Oval	2288	1936	22	26	none	none	0	0	0	0	0
121	1955-2134	Oval	2120	1944	28	22	none	none	0	0	0	0	0
122	1963-2104	Oval	2092	1952	25	23	none	none	0	0	0	0	0
123	1848-2172	Oval	2162	1836	21	25	none	none	0	0	0	0	0
124	2524-2223	Oval	2214	2514	19	20	none	none	0	0	0	0	0
125	2551-2262	Oval	2255	2543	15	17	none	none	0	0	0	0	0
126	1628-2092	Oval	2075	1616	35	24	none	none	0	0	0	0	0
127	1553-2343	Oval	2330	1540	27	27	none	none	0	0	0	0	0
128	1520-2337	Oval	2324	1507	27	26	none	none	0	0	0	0	0
129	1547-2480	Oval	2468	1539	25	17	none	none	0	0	0	0	0
130	1471-2531	Oval	2522	1462	19	18	none	none	0	0	0	0	0
131	1478-2474	Oval	2463	1469	22	18	none	none	0	0	0	0	0
132	1409-2450	Oval	2438	1401	25	17	none	none	0	0	0	0	0
133	1374-2417	Oval	2408	1364	19	21	none	none	0	0	0	0	0
134	1355-2425	Oval	2416	1346	19	19	none	none	0	0	0	0	0
135	1685-2135	Oval	2123	1675	24	20	none	none	0	0	0	0	0
136	1760-2183	Oval	2168	1747	30	27	none	none	0	0	0	0	0
137	1601-2276	Oval	2261	1593	30	16	none	none	0	0	0	0	0
138	1625-2213	Oval	2201	1616	25	18	none	none	0	0	0	0	0
139	1646-2207	Oval	2197	1635	20	23	none	none	0	0	0	0	0
140	1831-2085	Oval	2073	1820	24	22	none	none	0	0	0	0	0
141	1911-2084	Oval	2073	1898	23	26	none	none	0	0	0	0	0
142	2012-2213	Oval	2200	2000	27	24	none	none	0	0	0	0	0
143	1842-1983	Oval	1968	1831	30	22	none	none	0	0	0	0	0
144	1878-1964	Oval	1950	1868	28	21	none	none	0	0	0	0	0
145	1903-1899	Oval	1883	1890	32	26	none	none	0	0	0	0	0
146	1983-2009	Oval	1994	1974	30	18	none	none	0	0	0	0	0
147	1912-1984	Oval	1974	1900	20	24	none	none	0	0	0	0	0
148	1908-2022	Oval	2010	1896	24	24	none	none	0	0	0	0	0
149	1635-2050	Oval	2034	1622	33	27	none	none	0	0	0	0	0
150	2673-1775	Oval	1762	2662	26	22	none	none	0	0	0	0	0
151	2581-1783	Oval	1767	2569	33	24	none	none	0	0	0	0	0
152	2396-1775	Oval	1765	2387	21	19	none	none	0	0	0	0	0
153	2437-1749	Oval	1736	2425	26	24	none	none	0	0	0	0	0
154	2418-1546	Oval	1530	2405	33	27	none	none	0	0	0	0	0
155	2489-1564	Oval	1551	2479	27	21	none	none	0	0	0	0	0
156	2473-1612	Oval	1592	2462	40	23	none	none	0	0	0	0	0
157	2631-1664	Oval	1646	2617	37	29	none	none	0	0	0	0	0
158	2538-1654	Oval	1647	2528	15	20	none	none	0	0	0	0	0
159	2195-1743	Oval	1730	2184	26	22	none	none	0	0	0	0	0
160	2166-1787	Oval	1775	2158	24	17	none	none	0	0	0	0	0
161	2204-1825	Oval	1814	2194	22	20	none	none	0	0	0	0	0
162	2262-1784	Oval	1771	2252	26	21	none	none	0	0	0	0	0
163	2262-1755	Oval	1745	2250	20	24	none	none	0	0	0	0	0
164	2314-1778	Oval	1769	2301	19	27	none	none	0	0	0	0	0
165	2324-1739	Oval	1727	2316	24	17	none	none	0	0	0	0	0
166	2315-1660	Oval	1645	2302	31	27	none	none	0	0	0	0	0
167	2242-1596	Oval	1584	2229	25	26	none	none	0	0	0	0	0
168	2224-1621	Oval	1611	2215	21	18	none	none	0	0	0	0	0
169	2186-1692	Oval	1681	2176	23	21	none	none	0	0	0	0	0
170	2181-1650	Oval	1638	2169	25	24	none	none	0	0	0	0	0
171	1659-1891	Oval	1881	1650	20	18	none	none	0	0	0	0	0
172	1677-1909	Oval	1897	1666	24	23	none	none	0	0	0	0	0
173	1563-1859	Oval	1849	1556	20	15	none	none	0	0	0	0	0
174	1520-1807	Oval	1796	1510	22	20	none	none	0	0	0	0	0
175	1437-1898	Oval	1887	1427	23	21	none	none	0	0	0	0	0
176	1396-1910	Oval	1901	1388	18	17	none	none	0	0	0	0	0
177	1404-2329	Oval	2321	1395	16	18	none	none	0	0	0	0	0
178	1298-2433	Oval	2418	1286	31	25	none	none	0	0	0	0	0
179	1544-2634	Oval	2621	1535	27	18	none	none	0	0	0	0	0
180	1569-2651	Oval	2642	1559	18	20	none	none	0	0	0	0	0
181	1847-2664	Oval	2650	1835	29	24	none	none	0	0	0	0	0
182	1773-2359	Oval	2348	1765	22	17	none	none	0	0	0	0	0
183	1703-2163	Oval	2151	1693	24	21	none	none	0	0	0	0	0
184	1416-2346	Oval	2336	1405	21	22	none	none	0	0	0	0	0
185	1429-2368	Oval	2358	1418	21	22	none	none	0	0	0	0	0
186	1994-2279	Oval	2271	1984	17	20	none	none	0	0	0	0	0
187	2343-1826	Oval	1813	2332	27	22	none	none	0	0	0	0	0
188	2365-1822	Oval	1813	2357	18	16	none	none	0	0	0	0	0
189	2392-1812	Oval	1800	2381	25	22	none	none	0	0	0	0	0
190	2376-1695	Oval	1683	2368	24	16	none	none	0	0	0	0	0
191	2376-1738	Oval	1726	2365	25	22	none	none	0	0	0	0	0
192	2394-1704	Oval	1694	2386	20	16	none	none	0	0	0	0	0
193	2515-1642	Oval	1631	2506	23	18	none	none	0	0	0	0	0
194	2528-1722	Oval	1714	2520	17	16	none	none	0	0	0	0	0
195	2484-1845	Oval	1837	2475	17	18	none	none	0	0	0	0	0
196	2531-1626	Oval	1613	2522	26	18	none	none	0	0	0	0	0
197	2517-1442	Oval	1430	2507	24	21	none	none	0	0	0	0	0
198	2526-1413	Oval	1401	2520	24	13	none	none	0	0	0	0	0
199	2547-1408	Oval	1398	2538	20	18	none	none	0	0	0	0	0
200	2603-1424	Oval	1416	2595	17	17	none	none	0	0	0	0	0
201	2576-1482	Oval	1471	2566	22	20	none	none	0	0	0	0	0
202	2730-1796	Oval	1788	2721	17	19	none	none	0	0	0	0	0
203	2779-1876	Oval	1864	2767	24	24	none	none	0	0	0	0	0
204	2718-1762	Oval	1752	2710	20	17	none	none	0	0	0	0	0
205	2650-1740	Oval	1732	2642	17	17	none	none	0	0	0	0	0
206	2673-1729	Oval	1718	2664	22	18	none	none	0	0	0	0	0
207	2656-1470	Oval	1457	2647	27	19	none	none	0	0	0	0	0
208	2750-1564	Oval	1554	2742	20	16	none	none	0	0	0	0	0
209	2632-1721	Oval	1711	2623	21	18	none	none	0	0	0	0	0
210	2356-1573	Oval	1559	2345	29	22	none	none	0	0	0	0	0
211	2584-1701	Oval	1694	2574	14	20	none	none	0	0	0	0	0
212	2599-1714	Oval	1705	2589	18	20	none	none	0	0	0	0	0
213	2133-1879	Oval	1869	2122	20	23	none	none	0	0	0	0	0
214	2035-1926	Oval	1914	2022	24	26	none	none	0	0	0	0	0
215	2021-1880	Oval	1869	2012	22	19	none	none	0	0	0	0	0
216	1744-2241	Oval	2229	1733	24	23	none	none	0	0	0	0	0
217	2477-1396	Oval	1386	2466	21	23	none	none	0	0	0	0	0
218	2396-1372	Oval	1348	2381	49	31	none	none	0	0	0	0	0
219	2397-1288	Oval	1266	2382	44	31	none	none	0	0	0	0	0
220	2386-1482	Oval	1469	2375	27	23	none	none	0	0	0	0	0
221	1629-2157	Oval	2145	1616	25	27	none	none	0	0	0	0	0
222	1675-2168	Oval	2157	1665	22	20	none	none	0	0	0	0	0
223	1693-2242	Oval	2231	1684	23	19	none	none	0	0	0	0	0
224	1748-2371	Oval	2360	1737	22	22	none	none	0	0	0	0	0
225	1436-2675	Oval	2665	1426	20	21	none	none	0	0	0	0	0
226	1437-2706	Oval	2699	1427	15	20	none	none	0	0	0	0	0
227	1418-2732	Oval	2722	1405	21	26	none	none	0	0	0	0	0
228	1504-2455	Oval	2443	1496	24	17	none	none	0	0	0	0	0
229	1526-2470	Oval	2459	1518	23	17	none	none	0	0	0	0	0
230	1438-2474	Oval	2463	1426	22	24	none	none	0	0	0	0	0
231	1510-2513	Oval	2502	1501	23	19	none	none	0	0	0	0	0
232	1988-2657	Oval	2642	1978	31	20	none	none	0	0	0	0	0
233	2134-2653	Oval	2640	2122	26	25	none	none	0	0	0	0	0
234	2089-2604	Oval	2596	2081	16	17	none	none	0	0	0	0	0
235	2097-2754	Oval	2745	2088	19	18	none	none	0	0	0	0	0
236	2103-2719	Oval	2707	2092	24	22	none	none	0	0	0	0	0
237	2375-2138	Oval	2131	2366	15	18	none	none	0	0	0	0	0
238	2362-2156	Oval	2144	2353	25	18	none	none	0	0	0	0	0
239	1895-2061	Oval	2051	1887	20	17	none	none	0	0	0	0	0
240	1850-2200	Oval	2191	1840	19	20	none	none	0	0	0	0	0
241	2464-1975	Oval	1960	2451	30	27	none	none	0	0	0	0	0
242	2488-1815	Oval	1807	2481	16	15	none	none	0	0	0	0	0
243	2506-1833	Oval	1821	2496	24	21	none	none	0	0	0	0	0
244	2700-1698	Oval	1687	2688	23	24	none	none	0	0	0	0	0
245	2049-1802	Oval	1789	2037	27	25	none	none	0	0	0	0	0
246	2551-1380	Oval	1360	2534	41	34	none	none	0	0	0	0	0
247	1761-2646	Oval	2635	1750	22	22	none	none	0	0	0	0	0
248	1570-1699	Oval	1684	1555	30	31	none	none	0	0	0	0	0
249	1628-1675	Oval	1659	1615	33	27	none	none	0	0	0	0	0
250	1660-1640	Oval	1626	1642	28	37	none	none	0	0	0	0	0
251	1987-1713	Oval	1704	1976	18	23	none	none	0	0	0	0	0
252	2031-1697	Oval	1687	2019	21	24	none	none	0	0	0	0	0
253	2213-1510	Oval	1498	2199	24	29	none	none	0	0	0	0	0
254	2201-1375	Oval	1363	2189	24	24	none	none	0	0	0	0	0
255	2234-1547	Oval	1535	2219	25	30	none	none	0	0	0	0	0
256	2333-1432	Oval	1422	2318	21	31	none	none	0	0	0	0	0
257	2476-1453	Oval	1440	2463	26	27	none	none	0	0	0	0	0
258	2499-1314	Oval	1302	2485	24	28	none	none	0	0	0	0	0
259	2323-1339	Oval	1324	2310	31	27	none	none	0	0	0	0	0
260	2271-1310	Oval	1286	2247	48	48	none	none	0	0	0	0	0
261	2302-1405	Oval	1388	2282	34	40	none	none	0	0	0	0	0
262	2331-1463	Oval	1450	2319	26	24	none	none	0	0	0	0	0
263	2085-1570	Oval	1558	2073	24	24	none	none	0	0	0	0	0
264	2115-1288	Oval	1274	2101	29	28	none	none	0	0	0	0	0
265	2190-1298	Oval	1280	2177	36	26	none	none	0	0	0	0	0
266	2201-1252	Oval	1236	2186	32	31	none	none	0	0	0	0	0
267	2219-1442	Oval	1430	2210	25	19	none	none	0	0	0	0	0
268	2138-1645	Oval	1634	2129	22	18	none	none	0	0	0	0	0
269	2021-1637	Oval	1620	2009	34	25	none	none	0	0	0	0	0
270	2045-1570	Oval	1552	2033	36	25	none	none	0	0	0	0	0
271	2133-1503	Oval	1492	2122	22	23	none	none	0	0	0	0	0
272	2056-1428	Oval	1414	2041	29	30	none	none	0	0	0	0	0
273	2081-1396	Oval	1382	2071	28	20	none	none	0	0	0	0	0
274	2105-1388	Oval	1374	2094	28	23	none	none	0	0	0	0	0
275	2131-1391	Oval	1376	2122	30	19	none	none	0	0	0	0	0
276	2774-1622	Oval	1611	2764	23	21	none	none	0	0	0	0	0
277	2942-1632	Oval	1620	2930	24	25	none	none	0	0	0	0	0
278	2791-1605	Oval	1596	2783	19	16	none	none	0	0	0	0	0
279	2823-1590	Oval	1579	2808	22	30	none	none	0	0	0	0	0
280	2756-1501	Oval	1487	2744	29	24	none	none	0	0	0	0	0
281	2661-1545	Oval	1530	2647	31	28	none	none	0	0	0	0	0
282	2708-1444	Oval	1430	2694	29	29	none	none	0	0	0	0	0
283	2689-1405	Oval	1392	2677	26	25	none	none	0	0	0	0	0
284	2669-1379	Oval	1370	2659	18	20	none	none	0	0	0	0	0
285	2644-1402	Oval	1391	2634	22	20	none	none	0	0	0	0	0
286	2456-1494	Oval	1483	2448	22	16	none	none	0	0	0	0	0
287	2314-1477	Oval	1469	2306	16	17	none	none	0	0	0	0	0
288	2548-1285	Oval	1277	2538	17	20	none	none	0	0	0	0	0
289	2586-1278	Oval	1268	2580	20	12	none	none	0	0	0	0	0
290	2607-1283	Oval	1276	2601	14	13	none	none	0	0	0	0	0
291	2619-1322	Oval	1311	2609	22	20	none	none	0	0	0	0	0
292	2733-1342	Oval	1331	2718	22	31	none	none	0	0	0	0	0
293	2764-1270	Oval	1253	2751	35	27	none	none	0	0	0	0	0
294	2354-1179	Oval	1171	2345	16	18	none	none	0	0	0	0	0
295	2287-1214	Oval	1208	2279	13	16	none	none	0	0	0	0	0
296	2266-1236	Oval	1229	2255	14	23	none	none	0	0	0	0	0
297	2234-1221	Oval	1209	2224	24	20	none	none	0	0	0	0	0
298	2242-1169	Oval	1158	2233	22	19	none	none	0	0	0	0	0
299	2221-1186	Oval	1176	2213	21	17	none	none	0	0	0	0	0
300	2169-1143	Oval	1128	2160	30	18	none	none	0	0	0	0	0
301	2191-1106	Oval	1097	2182	18	19	none	none	0	0	0	0	0
302	2284-1126	Oval	1116	2273	21	23	none	none	0	0	0	0	0
303	2248-1069	Oval	1061	2241	17	14	none	none	0	0	0	0	0
304	2208-0983	Oval	973	2196	21	24	none	none	0	0	0	0	0
305	2300-1006	Oval	998	2289	17	23	none	none	0	0	0	0	0
306	2226-0881	Oval	867	2216	29	21	none	none	0	0	0	0	0
307	2390-1035	Oval	1026	2382	18	17	none	none	0	0	0	0	0
308	2093-1107	Oval	1092	2080	30	26	none	none	0	0	0	0	0
309	2091-1033	Oval	1024	2081	18	20	none	none	0	0	0	0	0
310	2061-1076	Oval	1064	2052	24	18	none	none	0	0	0	0	0
311	2013-0987	Oval	977	1999	21	29	none	none	0	0	0	0	0
312	1975-1075	Oval	1066	1962	19	27	none	none	0	0	0	0	0
313	2042-1103	Oval	1093	2032	20	21	none	none	0	0	0	0	0
314	2032-1125	Oval	1115	2022	21	21	none	none	0	0	0	0	0
315	1791-1152	Oval	1138	1779	28	24	none	none	0	0	0	0	0
316	1784-1346	Oval	1334	1772	25	24	none	none	0	0	0	0	0
317	2105-1331	Oval	1319	2093	25	25	none	none	0	0	0	0	0
318	1915-1385	Oval	1371	1905	28	21	none	none	0	0	0	0	0
319	1862-1247	Oval	1235	1851	24	22	none	none	0	0	0	0	0
320	1875-1202	Oval	1195	1867	15	17	none	none	0	0	0	0	0
321	1992-1252	Oval	1232	1996	21	30	none	none	0	0	0	0	0
322	2033-1201	Oval	1186	2021	31	25	none	none	0	0	0	0	0
323	1984-1207	Oval	1195	1974	24	21	none	none	0	0	0	0	0
324	1922-1444	Oval	1433	1911	22	22	none	none	0	0	0	0	0
325	1915-1470	Oval	1461	1906	19	19	none	none	0	0	0	0	0
326	1939-1481	Oval	1468	1930	26	19	none	none	0	0	0	0	0
327	1913-1590	Oval	1580	1903	20	20	none	none	0	0	0	0	0
328	1927-1124	Oval	1114	1917	21	20	none	none	0	0	0	0	0
329	1942-1103	Oval	1092	1931	23	23	none	none	0	0	0	0	0
330	1902-1147	Oval	1133	1892	29	20	none	none	0	0	0	0	0
331	1660-1276	Oval	1265	1651	22	18	none	none	0	0	0	0	0
332	1675-1305	Oval	1294	1665	23	21	none	none	0	0	0	0	0
333	1682-1348	Oval	1341	1676	15	13	none	none	0	0	0	0	0
334	1709-1337	Oval	1325	1699	25	20	none	none	0	0	0	0	0
335	1778-1484	Oval	1471	1767	26	23	none	none	0	0	0	0	0
336	1752-1551	Oval	1542	1741	18	22	none	none	0	0	0	0	0
337	2073-2033	Oval	2024	2064	18	18	none	none	0	0	0	0	0
338	2091-2002	Oval	1997	2084	10	15	none	none	0	0	0	0	0
339	2090-2020	Oval	2015	2082	11	17	none	none	0	0	0	0	0
340	2019-1736	Oval	1729	2010	15	19	none	none	0	0	0	0	0
341	2014-1755	Oval	1749	2007	13	15	none	none	0	0	0	0	0
342	1882-1597	Oval	1582	1873	30	19	none	none	0	0	0	0	0
343	2114-1488	Oval	1480	2105	16	18	none	none	0	0	0	0	0
344	2053-1529	Oval	1518	2043	23	20	none	none	0	0	0	0	0
345	2127-1262	Oval	1253	2118	19	19	none	none	0	0	0	0	0
346	2704-1598	Oval	1590	2697	17	15	none	none	0	0	0	0	0
347	2720-1592	Oval	1584	2714	16	12	none	none	0	0	0	0	0
348	2721-1574	Oval	1568	2713	13	16	none	none	0	0	0	0	0
349	2775-1448	Oval	1440	2764	16	22	none	none	0	0	0	0	0
350	2792-1430	Oval	1424	2786	13	13	none	none	0	0	0	0	0
351	2790-1735	Oval	1722	2781	26	19	none	none	0	0	0	0	0
352	2829-1725	Oval	1711	2818	29	22	none	none	0	0	0	0	0
353	2869-1660	Oval	1649	2858	23	22	none	none	0	0	0	0	0
354	2896-1671	Oval	1656	2888	30	17	none	none	0	0	0	0	0
355	2813-2097	Oval	2087	2798	21	30	none	none	0	0	0	0	0
356	2450-2012	Oval	1997	2439	31	22	none	none	0	0	0	0	0
357	2380-2123	Oval	2118	2370	11	20	none	none	0	0	0	0	0
358	2614-2294	Oval	2284	2607	21	15	none	none	0	0	0	0	0
359	2537-2240	Oval	2232	2529	16	17	none	none	0	0	0	0	0
360	1941-2468	Oval	2460	1934	17	15	none	none	0	0	0	0	0
361	1983-2547	Oval	2542	1977	10	12	none	none	0	0	0	0	0
362	2000-2544	Oval	2538	1993	12	15	none	none	0	0	0	0	0
363	1924-2389	Oval	2382	1915	14	18	none	none	0	0	0	0	0
364	1993-2306	Oval	2299	1983	14	20	none	none	0	0	0	0	0
365	2057-2283	Oval	2275	2049	16	17	none	none	0	0	0	0	0
366	1550-2276	Oval	2265	1537	23	26	none	none	0	0	0	0	0
367	1799-2171	Oval	2161	1789	21	21	none	none	0	0	0	0	0
368	1528-2748	Oval	2737	1518	22	20	none	none	0	0	0	0	0
369	1713-2754	Oval	2744	1703	21	21	none	none	0	0	0	0	0
370	1698-2802	Oval	2794	1689	17	19	none	none	0	0	0	0	0
371	1672-2933	Oval	2922	1662	22	21	none	none	0	0	0	0	0
372	1730-2881	Oval	2873	1719	16	22	none	none	0	0	0	0	0
373	1927-2676	Oval	2668	1920	17	15	none	none	0	0	0	0	0
374	2064-2642	Oval	2635	2054	14	20	none	none	0	0	0	0	0
375	2039-2589	Oval	2580	2029	19	21	none	none	0	0	0	0	0
376	1992-2563	Oval	2556	1985	14	15	none	none	0	0	0	0	0
377	1978-2603	Oval	2593	1969	20	18	none	none	0	0	0	0	0
378	2382-2252	Oval	2244	2375	16	15	none	none	0	0	0	0	0
379	2476-2069	Oval	2062	2465	15	22	none	none	0	0	0	0	0
380	2404-2262	Oval	2252	2395	20	19	none	none	0	0	0	0	0
381	2049-2216	Oval	2207	2041	19	16	none	none	0	0	0	0	0
382	2281-1864	Oval	1855	2269	18	24	none	none	0	0	0	0	0
383	2518-1741	Oval	1733	2509	16	19	none	none	0	0	0	0	0
384	2507-1622	Oval	1614	2499	16	16	none	none	0	0	0	0	0
385	2712-1739	Oval	1731	2704	16	17	none	none	0	0	0	0	0
386	2678-1700	Oval	1692	2671	16	15	none	none	0	0	0	0	0
387	2748-1906	Oval	1893	2736	26	24	none	none	0	0	0	0	0
388	2759-1845	Oval	1832	2749	27	21	none	none	0	0	0	0	0
389	2722-1520	Oval	1511	2714	18	17	none	none	0	0	0	0	0
390	2567-1217	Oval	1206	2556	22	23	none	none	0	0	0	0	0
391	2458-1008	Oval	998	2450	20	16	none	none	0	0	0	0	0
392	2457-1068	Oval	1059	2445	18	24	none	none	0	0	0	0	0
393	2286-1082	Oval	1074	2277	16	19	none	none	0	0	0	0	0
394	1881-1314	Oval	1301	1867	27	28	none	none	0	0	0	0	0
395	1989-1292	Oval	1279	1976	26	26	none	none	0	0	0	0	0
396	2857-1363	Oval	1351	2849	25	17	none	none	0	0	0	0	0
397	2940-1485	Oval	1476	2932	19	17	none	none	0	0	0	0	0
398	2947-1511	Oval	1503	2934	16	26	none	none	0	0	0	0	0
399	2824-1176	Oval	1161	2811	31	26	none	none	0	0	0	0	0
400	2744-1195	Oval	1184	2729	22	31	none	none	0	0	0	0	0
401	2638-1281	Oval	1271	2630	20	17	none	none	0	0	0	0	0
402	2599-1210	Oval	1198	2591	24	16	none	none	0	0	0	0	0
403	2660-1150	Oval	1136	2652	28	16	none	none	0	0	0	0	0
404	2684-1125	Oval	1113	2674	25	20	none	none	0	0	0	0	0
405	2145-1603	Oval	1588	2133	30	25	none	none	0	0	0	0	0
406	1867-1645	Oval	1636	1857	18	21	none	none	0	0	0	0	0
407	1879-1627	Oval	1620	1872	15	14	none	none	0	0	0	0	0
408	1324-2201	Oval	2186	1313	31	22	none	none	0	0	0	0	0
409	1256-2243	Oval	2232	1246	23	21	none	none	0	0	0	0	0
410	1396-2288	Oval	2280	1388	16	17	none	none	0	0	0	0	0
411	1427-2295	Oval	2280	1412	30	31	none	none	0	0	0	0	0
412	1398-2254	Oval	2242	1388	25	21	none	none	0	0	0	0	0
413	1647-1987	Oval	1975	1634	24	27	none	none	0	0	0	0	0
414	1612-1984	Oval	1969	1601	30	22	none	none	0	0	0	0	0
415	1603-2132	Oval	2123	1594	19	19	none	none	0	0	0	0	0
416	1510-2195	Oval	2183	1498	25	24	none	none	0	0	0	0	0
417	1426-2525	Oval	2513	1414	25	25	none	none	0	0	0	0	0
418	1348-2464	Oval	2457	1341	14	15	none	none	0	0	0	0	0
419	1313-2472	Oval	2463	1306	18	14	none	none	0	0	0	0	0
420	1335-2474	Oval	2466	1328	16	14	none	none	0	0	0	0	0
421	1141-2484	Oval	2477	1134	14	15	none	none	0	0	0	0	0
422	1148-2509	Oval	2501	1141	17	14	none	none	0	0	0	0	0
423	1143-2563	Oval	2554	1134	18	19	none	none	0	0	0	0	0
424	1003-2351	Oval	2337	991	29	25	none	none	0	0	0	0	0
425	1011-2423	Oval	2411	1001	25	21	none	none	0	0	0	0	0
426	0922-2448	Oval	2436	911	24	23	none	none	0	0	0	0	0
427	0895-2345	Oval	2332	887	26	17	none	none	0	0	0	0	0
428	0956-2206	Oval	2192	945	29	23	none	none	0	0	0	0	0
429	0863-2194	Oval	2184	853	21	21	none	none	0	0	0	0	0
430	1054-2120	Oval	2107	1043	26	22	none	none	0	0	0	0	0
431	1091-2067	Oval	2052	1077	31	28	none	none	0	0	0	0	0
432	1059-2036	Oval	2025	1052	22	15	none	none	0	0	0	0	0
433	1021-2088	Oval	2072	1012	33	18	none	none	0	0	0	0	0
434	0982-1977	Oval	1966	973	23	19	none	none	0	0	0	0	0
435	0997-2081	Oval	2073	992	17	11	none	none	0	0	0	0	0
436	0978-2077	Oval	2068	970	18	16	none	none	0	0	0	0	0
437	1226-2126	Oval	2113	1217	26	18	none	none	0	0	0	0	0
438	1222-2179	Oval	2170	1213	18	19	none	none	0	0	0	0	0
439	1227-2076	Oval	2065	1218	22	18	none	none	0	0	0	0	0
440	1206-1997	Oval	1986	1196	23	21	none	none	0	0	0	0	0
441	1502-1980	Oval	1969	1493	22	18	none	none	0	0	0	0	0
442	1521-2016	Oval	2005	1509	23	25	none	none	0	0	0	0	0
443	2105-1174	Oval	1159	2095	30	21	none	none	0	0	0	0	0
444	2080-1449	Oval	1440	2070	19	21	none	none	0	0	0	0	0
445	2079-1537	Oval	1530	2069	14	20	none	none	0	0	0	0	0
446	2064-1553	Oval	1546	2058	14	13	none	none	0	0	0	0	0
447	1947-1040	Oval	1027	1938	26	19	none	none	0	0	0	0	0
448	1997-0933	Oval	921	1988	24	19	none	none	0	0	0	0	0
449	1953-0897	Oval	888	1944	18	18	none	none	0	0	0	0	0
450	2147-1038	Oval	1024	2137	28	20	none	none	0	0	0	0	0
451	2330-2692	Oval	2678	2318	29	25	none	none	0	0	0	0	0
452	1416-2589	Oval	2582	1410	15	12	none	none	0	0	0	0	0
453	1460-2588	Oval	2577	1451	22	19	none	none	0	0	0	0	0
454	1446-2607	Oval	2602	1440	11	13	none	none	0	0	0	0	0
455	1486-2584	Oval	2573	1475	23	22	none	none	0	0	0	0	0
456	1225-2636	Oval	2625	1217	22	17	none	none	0	0	0	0	0
457	1327-2593	Oval	2584	1320	19	14	none	none	0	0	0	0	0
458	1200-2621	Oval	2607	1191	29	19	none	none	0	0	0	0	0
459	1292-2587	Oval	2577	1283	20	19	none	none	0	0	0	0	0
460	1287-1891	Oval	1872	1276	39	22	none	none	0	0	0	0	0
461	1137-1916	Oval	1902	1125	29	25	none	none	0	0	0	0	0
462	1097-1901	Oval	1889	1088	25	19	none	none	0	0	0	0	0
463	1215-2279	Oval	2269	1206	20	19	none	none	0	0	0	0	0
464	1202-2261	Oval	2253	1192	17	20	none	none	0	0	0	0	0
465	1976-1817	Oval	1808	1967	18	19	none	none	0	0	0	0	0
466	1971-1539	Oval	1523	1962	32	18	none	none	0	0	0	0	0
467	1823-1281	Oval	1269	1814	25	19	none	none	0	0	0	0	0
468	1612-1602	Oval	1592	1601	21	22	none	none	0	0	0	0	0
469	1586-1571	Oval	1559	1575	25	22	none	none	0	0	0	0	0
470	1633-1396	Oval	1387	1623	19	21	none	none	0	0	0	0	0
471	1568-1429	Oval	1412	1557	34	22	none	none	0	0	0	0	0
472	1702-1467	Oval	1455	1693	25	18	none	none	0	0	0	0	0
473	1734-1517	Oval	1509	1722	16	24	none	none	0	0	0	0	0
474	1720-1536	Oval	1528	1711	16	19	none	none	0	0	0	0	0
475	1504-1664	Oval	1652	1493	25	23	none	none	0	0	0	0	0
476	1476-1565	Oval	1553	1464	25	25	none	none	0	0	0	0	0
477	1443-1604	Oval	1590	1432	29	22	none	none	0	0	0	0	0
478	1380-1710	Oval	1699	1369	23	22	none	none	0	0	0	0	0
479	1394-1680	Oval	1661	1382	39	25	none	none	0	0	0	0	0
480	1426-1676	Oval	1666	1414	20	25	none	none	0	0	0	0	0
481	1419-1654	Oval	1646	1407	17	25	none	none	0	0	0	0	0
482	1515-1889	Oval	1878	1499	23	32	none	none	0	0	0	0	0
483	1347-1783	Oval	1769	1337	28	21	none	none	0	0	0	0	0
484	1321-1841	Oval	1830	1311	22	21	none	none	0	0	0	0	0
485	1371-1803	Oval	1793	1361	20	20	none	none	0	0	0	0	0
486	1378-1831	Oval	1821	1369	21	18	none	none	0	0	0	0	0
487	1196-1758	Oval	1743	1186	30	20	none	none	0	0	0	0	0
488	1147-1791	Oval	1782	1136	18	23	none	none	0	0	0	0	0
489	1093-1718	Oval	1704	1083	29	21	none	none	0	0	0	0	0
490	1000-1705	Oval	1686	989	38	22	none	none	0	0	0	0	0
491	0919-1739	Oval	1723	910	32	19	none	none	0	0	0	0	0
492	0798-1736	Oval	1725	789	23	19	none	none	0	0	0	0	0
493	0804-1845	Oval	1835	797	20	14	none	none	0	0	0	0	0
494	0801-1889	Oval	1879	791	21	21	none	none	0	0	0	0	0
495	0929-1539	Oval	1525	917	28	24	none	none	0	0	0	0	0
496	1054-1552	Oval	1540	1048	24	12	none	none	0	0	0	0	0
497	0858-1649	Oval	1637	851	25	15	none	none	0	0	0	0	0
498	0867-1675	Oval	1664	859	22	17	none	none	0	0	0	0	0
499	1200-1521	Oval	1503	1189	36	23	none	none	0	0	0	0	0
500	1050-1473	Oval	1460	1040	26	20	none	none	0	0	0	0	0
501	0990-1340	Oval	1328	982	24	17	none	none	0	0	0	0	0
502	1330-1260	Oval	1246	1316	29	28	none	none	0	0	0	0	0
503	1400-1325	Oval	1309	1390	33	21	none	none	0	0	0	0	0
504	1798-0975	Oval	953	1785	44	27	none	none	0	0	0	0	0
505	1658-1142	Oval	1127	1645	31	27	none	none	0	0	0	0	0
506	1580-1034	Oval	1025	1568	18	25	none	none	0	0	0	0	0
507	1669-1007	Oval	995	1658	24	22	none	none	0	0	0	0	0
508	1534-1160	Oval	1145	1519	31	30	none	none	0	0	0	0	0
509	1421-1106	Oval	1083	1403	46	36	none	none	0	0	0	0	0
510	1312-1121	Oval	1103	1298	37	29	none	none	0	0	0	0	0
511	1221-1127	Oval	1113	1212	29	19	none	none	0	0	0	0	0
512	1177-1118	Oval	1105	1166	27	22	none	none	0	0	0	0	0
513	1089-1226	Oval	1213	1080	26	19	none	none	0	0	0	0	0
514	1043-1236	Oval	1223	1032	27	22	none	none	0	0	0	0	0
515	1011-1263	Oval	1250	1003	26	17	none	none	0	0	0	0	0
516	0984-1281	Oval	1263	974	36	21	none	none	0	0	0	0	0
517	1092-1300	Oval	1280	1080	40	25	none	none	0	0	0	0	0
518	1091-1378	Oval	1362	1082	32	18	none	none	0	0	0	0	0
519	1217-1356	Oval	1340	1208	33	18	none	none	0	0	0	0	0
520	1244-1333	Oval	1322	1235	22	19	none	none	0	0	0	0	0
521	1240-1385	Oval	1371	1231	29	18	none	none	0	0	0	0	0
522	1367-1249	Oval	1235	1355	28	25	none	none	0	0	0	0	0
523	1385-1214	Oval	1203	1378	22	15	none	none	0	0	0	0	0
524	1417-1187	Oval	1172	1407	31	20	none	none	0	0	0	0	0
525	1393-1186	Oval	1169	1383	35	20	none	none	0	0	0	0	0
526	1497-1256	Oval	1239	1485	34	25	none	none	0	0	0	0	0
527	1527-1284	Oval	1274	1519	20	17	none	none	0	0	0	0	0
528	1556-1284	Oval	1274	1544	20	24	none	none	0	0	0	0	0
529	1549-1323	Oval	1307	1538	32	23	none	none	0	0	0	0	0
530	1511-1316	Oval	1305	1502	22	18	none	none	0	0	0	0	0
531	1502-1352	Oval	1342	1494	20	17	none	none	0	0	0	0	0
532	1454-1381	Oval	1372	1445	18	18	none	none	0	0	0	0	0
533	1186-1456	Oval	1448	1179	16	15	none	none	0	0	0	0	0
534	1196-1576	Oval	1564	1188	25	17	none	none	0	0	0	0	0
535	1180-1592	Oval	1581	1170	23	20	none	none	0	0	0	0	0
536	1173-1628	Oval	1620	1166	17	14	none	none	0	0	0	0	0
537	1178-1651	Oval	1642	1171	19	15	none	none	0	0	0	0	0
538	1163-1668	Oval	1658	1156	20	15	none	none	0	0	0	0	0
539	1135-1745	Oval	1729	1124	32	22	none	none	0	0	0	0	0
540	1091-1666	Oval	1652	1084	29	15	none	none	0	0	0	0	0
541	1632-1520	Oval	1509	1622	22	20	none	none	0	0	0	0	0
542	1636-1493	Oval	1482	1626	23	20	none	none	0	0	0	0	0
543	1493-1399	Oval	1385	1483	29	21	none	none	0	0	0	0	0
544	1481-1365	Oval	1352	1473	26	17	none	none	0	0	0	0	0
545	1929-1216	Oval	1207	1918	18	23	none	none	0	0	0	0	0
546	1832-1242	Oval	1233	1824	19	16	none	none	0	0	0	0	0
547	1985-1251	Oval	1242	1976	19	18	none	none	0	0	0	0	0
548	1630-1552	Oval	1535	1620	34	21	none	none	0	0	0	0	0
549	1677-1469	Oval	1460	1670	19	15	none	none	0	0	0	0	0
550	1682-1449	Oval	1440	1674	18	16	none	none	0	0	0	0	0
551	1356-1442	Oval	1424	1345	36	23	none	none	0	0	0	0	0
552	1361-1401	Oval	1389	1351	25	21	none	none	0	0	0	0	0
553	1403-1502	Oval	1489	1393	26	21	none	none	0	0	0	0	0
554	1437-1401	Oval	1392	1430	18	14	none	none	0	0	0	0	0
555	1462-1405	Oval	1392	1453	26	19	none	none	0	0	0	0	0
556	1176-1382	Oval	1371	1162	22	28	none	none	0	0	0	0	0
557	0952-1425	Oval	1413	940	24	24	none	none	0	0	0	0	0
558	1151-1441	Oval	1429	1141	25	20	none	none	0	0	0	0	0
559	1127-1486	Oval	1477	1117	19	21	none	none	0	0	0	0	0
560	1061-1412	Oval	1400	1052	25	19	none	none	0	0	0	0	0
561	1186-1435	Oval	1425	1176	21	20	none	none	0	0	0	0	0
562	1591-1512	Oval	1497	1580	30	23	none	none	0	0	0	0	0
