0	0048-0812	Oval	804	41	16	14	none	none	0	0	0	0	0
1	0049-0780	Oval	772	42	17	14	none	none	0	0	0	0	0
2	0027-0965	Oval	957	21	16	12	none	none	0	0	0	0	0
3	0120-0936	Oval	928	114	16	13	none	none	0	0	0	0	0
4	0086-0694	Oval	685	78	19	17	none	none	0	0	0	0	0
5	0128-0703	Oval	694	122	19	13	none	none	0	0	0	0	0
6	0256-0759	Oval	752	249	14	15	none	none	0	0	0	0	0
7	0242-0821	Oval	813	234	16	16	none	none	0	0	0	0	0
8	0236-0854	Oval	845	226	18	20	none	none	0	0	0	0	0
9	0144-0871	Oval	863	138	17	13	none	none	0	0	0	0	0
10	0011-0761	Oval	754	6	15	11	none	none	0	0	0	0	0
11	0007-0714	Oval	704	1	20	12	none	none	0	0	0	0	0
12	0096-0649	Oval	640	88	18	16	none	none	0	0	0	0	0
13	0084-0572	Oval	564	78	16	12	none	none	0	0	0	0	0
14	0042-0568	Oval	558	36	21	13	none	none	0	0	0	0	0
15	0059-0507	Oval	500	53	14	12	none	none	0	0	0	0	0
16	0076-0517	Oval	510	72	14	9	none	none	0	0	0	0	0
17	0006-0465	Oval	458	0	15	13	none	none	0	0	0	0	0
18	0007-0525	Oval	517	2	17	11	none	none	0	0	0	0	0
19	0242-0546	Oval	538	235	17	15	none	none	0	0	0	0	0
20	0201-0665	Oval	655	194	21	15	none	none	0	0	0	0	0
21	0223-0682	Oval	676	216	12	14	none	none	0	0	0	0	0
22	0237-0679	Oval	673	232	12	11	none	none	0	0	0	0	0
23	0254-0649	Oval	641	245	16	19	none	none	0	0	0	0	0
24	0316-0610	Oval	605	309	11	15	none	none	0	0	0	0	0
25	0321-0595	Oval	590	315	10	12	none	none	0	0	0	0	0
26	0349-0645	Oval	639	343	12	12	none	none	0	0	0	0	0
27	0361-0702	Oval	692	351	21	20	none	none	0	0	0	0	0
28	0412-0598	Oval	590	405	16	15	none	none	0	0	0	0	0
29	0385-0534	Oval	524	378	20	15	none	none	0	0	0	0	0
30	0463-0510	Oval	502	454	17	18	none	none	0	0	0	0	0
31	0456-0652	Oval	645	451	14	10	none	none	0	0	0	0	0
32	0323-0403	Oval	394	315	18	17	none	none	0	0	0	0	0
33	0251-0417	Oval	411	245	12	13	none	none	0	0	0	0	0
34	0250-0450	Oval	442	244	17	13	none	none	0	0	0	0	0
35	0275-0513	Oval	507	270	13	11	none	none	0	0	0	0	0
36	0258-0513	Oval	507	252	12	12	none	none	0	0	0	0	0
37	0185-0471	Oval	464	177	15	16	none	none	0	0	0	0	0
38	0221-0459	Oval	453	214	13	15	none	none	0	0	0	0	0
39	0203-0310	Oval	303	199	14	9	none	none	0	0	0	0	0
40	0221-0313	Oval	303	214	20	14	none	none	0	0	0	0	0
41	0215-0280	Oval	273	209	14	13	none	none	0	0	0	0	0
42	0188-0374	Oval	364	181	21	14	none	none	0	0	0	0	0
43	0247-0343	Oval	335	239	17	16	none	none	0	0	0	0	0
44	0292-0266	Oval	258	286	16	13	none	none	0	0	0	0	0
45	0344-0251	Oval	244	338	15	12	none	none	0	0	0	0	0
46	0378-0265	Oval	256	369	18	19	none	none	0	0	0	0	0
47	0455-0321	Oval	313	450	16	11	none	none	0	0	0	0	0
48	0451-0390	Oval	382	445	16	13	none	none	0	0	0	0	0
49	0452-0412	Oval	404	446	16	13	none	none	0	0	0	0	0
50	0461-0441	Oval	436	455	11	13	none	none	0	0	0	0	0
51	0474-0471	Oval	464	466	15	16	none	none	0	0	0	0	0
52	0226-0423	Oval	415	220	17	13	none	none	0	0	0	0	0
53	0086-0289	Oval	281	79	16	15	none	none	0	0	0	0	0
54	0105-0299	Oval	293	99	12	13	none	none	0	0	0	0	0
55	0140-0249	Oval	242	132	15	16	none	none	0	0	0	0	0
56	0020-0261	Oval	256	16	11	8	none	none	0	0	0	0	0
57	0008-0275	Oval	270	4	11	9	none	none	0	0	0	0	0
58	0030-0121	Oval	115	26	12	8	none	none	0	0	0	0	0
59	0171-0053	Oval	43	163	20	17	none	none	0	0	0	0	0
60	0225-0091	Oval	84	220	15	11	none	none	0	0	0	0	0
61	0288-0085	Oval	75	278	21	21	none	none	0	0	0	0	0
62	0328-0080	Oval	73	321	14	15	none	none	0	0	0	0	0
63	0017-0038	Oval	33	14	11	7	none	none	0	0	0	0	0
64	0017-0013	Oval	7	13	12	8	none	none	0	0	0	0	0
65	0380-0020	Oval	15	376	10	9	none	none	0	0	0	0	0
66	0376-0101	Oval	94	370	14	13	none	none	0	0	0	0	0
67	0373-0182	Oval	174	367	17	13	none	none	0	0	0	0	0
68	0439-0212	Oval	204	432	16	14	none	none	0	0	0	0	0
69	0384-0032	Oval	27	379	11	10	none	none	0	0	0	0	0
70	0396-0028	Oval	23	392	10	8	none	none	0	0	0	0	0
71	0406-0018	Oval	12	400	13	13	none	none	0	0	0	0	0
72	0491-0163	Oval	150	483	27	17	none	none	0	0	0	0	0
73	0497-0111	Oval	102	491	18	13	none	none	0	0	0	0	0
74	0445-0005	Oval	1	440	9	10	none	none	0	0	0	0	0
75	0499-0313	Oval	305	493	17	12	none	none	0	0	0	0	0
76	0487-0343	Oval	337	479	12	16	none	none	0	0	0	0	0
77	0491-0402	Oval	393	484	18	15	none	none	0	0	0	0	0
78	0494-0445	Oval	437	488	16	13	none	none	0	0	0	0	0
79	0523-0289	Oval	279	515	20	16	none	none	0	0	0	0	0
80	0628-0364	Oval	354	620	20	16	none	none	0	0	0	0	0
81	0598-0416	Oval	408	589	16	18	none	none	0	0	0	0	0
82	0631-0439	Oval	433	625	13	12	none	none	0	0	0	0	0
83	0590-0464	Oval	457	585	15	10	none	none	0	0	0	0	0
84	0574-0448	Oval	445	569	7	10	none	none	0	0	0	0	0
85	0643-0483	Oval	478	639	10	9	none	none	0	0	0	0	0
86	0594-0514	Oval	500	584	28	21	none	none	0	0	0	0	0
87	0497-0502	Oval	493	490	19	14	none	none	0	0	0	0	0
88	0650-0497	Oval	491	644	13	12	none	none	0	0	0	0	0
89	0690-0432	Oval	422	683	20	15	none	none	0	0	0	0	0
90	0686-0372	Oval	367	681	11	10	none	none	0	0	0	0	0
91	0673-0263	Oval	257	668	12	10	none	none	0	0	0	0	0
92	0688-0241	Oval	232	681	18	14	none	none	0	0	0	0	0
93	0773-0389	Oval	383	768	12	11	none	none	0	0	0	0	0
94	0781-0373	Oval	367	775	13	12	none	none	0	0	0	0	0
95	0765-0515	Oval	508	758	14	14	none	none	0	0	0	0	0
96	0739-0550	Oval	544	734	12	11	none	none	0	0	0	0	0
97	0762-0580	Oval	575	756	11	12	none	none	0	0	0	0	0
98	0847-0537	Oval	530	841	14	13	none	none	0	0	0	0	0
99	0808-0405	Oval	395	800	20	16	none	none	0	0	0	0	0
100	0713-0384	Oval	378	708	13	11	none	none	0	0	0	0	0
101	0824-0284	Oval	277	818	14	13	none	none	0	0	0	0	0
102	0803-0293	Oval	285	796	16	14	none	none	0	0	0	0	0
103	0736-0283	Oval	272	730	22	13	none	none	0	0	0	0	0
104	0746-0218	Oval	211	739	14	14	none	none	0	0	0	0	0
105	0870-0303	Oval	297	865	12	11	none	none	0	0	0	0	0
106	0878-0399	Oval	393	870	13	17	none	none	0	0	0	0	0
107	0906-0326	Oval	319	899	14	15	none	none	0	0	0	0	0
108	0916-0282	Oval	274	906	16	20	none	none	0	0	0	0	0
109	0959-0369	Oval	362	953	14	13	none	none	0	0	0	0	0
110	0892-0129	Oval	123	887	12	11	none	none	0	0	0	0	0
111	0903-0119	Oval	113	897	13	12	none	none	0	0	0	0	0
112	0909-0141	Oval	137	904	9	10	none	none	0	0	0	0	0
113	0756-0148	Oval	141	751	14	10	none	none	0	0	0	0	0
114	0705-0106	Oval	101	699	11	12	none	none	0	0	0	0	0
115	0694-0083	Oval	77	689	12	11	none	none	0	0	0	0	0
116	0645-0192	Oval	188	640	9	11	none	none	0	0	0	0	0
117	0642-0140	Oval	134	637	13	11	none	none	0	0	0	0	0
118	0518-0032	Oval	26	511	12	14	none	none	0	0	0	0	0
119	0648-0726	Oval	720	643	12	10	none	none	0	0	0	0	0
120	0546-0849	Oval	842	539	14	14	none	none	0	0	0	0	0
121	0585-0777	Oval	772	580	10	11	none	none	0	0	0	0	0
122	0656-0760	Oval	754	649	13	14	none	none	0	0	0	0	0
123	0721-0778	Oval	771	714	14	14	none	none	0	0	0	0	0
124	0473-0905	Oval	899	468	12	11	none	none	0	0	0	0	0
125	0559-0884	Oval	878	554	12	11	none	none	0	0	0	0	0
126	0550-0897	Oval	890	544	15	13	none	none	0	0	0	0	0
127	0541-0932	Oval	925	534	15	14	none	none	0	0	0	0	0
128	0621-0880	Oval	874	613	13	17	none	none	0	0	0	0	0
129	0785-0919	Oval	910	777	18	17	none	none	0	0	0	0	0
130	0711-0973	Oval	967	704	13	14	none	none	0	0	0	0	0
131	0805-0731	Oval	723	798	16	14	none	none	0	0	0	0	0
132	0911-0708	Oval	702	905	13	12	none	none	0	0	0	0	0
133	0811-0645	Oval	637	806	16	11	none	none	0	0	0	0	0
134	0842-0633	Oval	624	835	19	15	none	none	0	0	0	0	0
135	0718-0684	Oval	677	710	14	16	none	none	0	0	0	0	0
136	0916-0560	Oval	554	910	12	13	none	none	0	0	0	0	0
137	0910-0618	Oval	610	903	17	15	none	none	0	0	0	0	0
138	0945-0607	Oval	600	939	15	12	none	none	0	0	0	0	0
139	0952-0685	Oval	677	946	17	13	none	none	0	0	0	0	0
140	0437-0754	Oval	747	430	15	15	none	none	0	0	0	0	0
141	0395-0893	Oval	888	389	11	13	none	none	0	0	0	0	0
142	0147-0998	Oval	993	139	11	16	none	none	0	0	0	0	0
143	0449-0841	Oval	832	442	19	15	none	none	0	0	0	0	0
144	0509-0919	Oval	907	501	25	16	none	none	0	0	0	0	0
145	0735-0664	Oval	651	725	26	20	none	none	0	0	0	0	0
146	0826-0896	Oval	886	813	20	27	none	none	0	0	0	0	0
147	0822-0860	Oval	853	814	15	17	none	none	0	0	0	0	0
148	0823-0827	Oval	819	814	17	19	none	none	0	0	0	0	0
149	0836-0256	Oval	249	830	14	13	none	none	0	0	0	0	0
150	0860-0142	Oval	130	853	24	14	none	none	0	0	0	0	0
151	0952-0025	Oval	18	947	14	10	none	none	0	0	0	0	0
152	0921-0226	Oval	218	915	17	13	none	none	0	0	0	0	0
153	0911-0345	Oval	340	903	10	16	none	none	0	0	0	0	0
154	0892-0265	Oval	254	886	22	13	none	none	0	0	0	0	0
155	0902-0229	Oval	222	895	14	14	none	none	0	0	0	0	0
156	0015-0084	Oval	78	10	12	10	none	none	0	0	0	0	0
157	0256-0050	Oval	44	250	12	12	none	none	0	0	0	0	0
158	0218-0006	Oval	0	211	12	14	none	none	0	0	0	0	0
159	0059-0381	Oval	370	51	22	17	none	none	0	0	0	0	0
160	0004-0691	Oval	685	0	12	9	none	none	0	0	0	0	0
161	0398-0868	Oval	861	391	14	15	none	none	0	0	0	0	0
162	0567-1011	Oval	1005	555	13	24	none	none	0	0	0	0	0
163	0624-0934	Oval	921	615	26	19	none	none	0	0	0	0	0
164	0692-0949	Oval	941	685	16	14	none	none	0	0	0	0	0
165	0704-0354	Oval	345	694	19	21	none	none	0	0	0	0	0
166	0700-0316	Oval	307	691	18	18	none	none	0	0	0	0	0
167	0761-0333	Oval	325	749	16	24	none	none	0	0	0	0	0
168	0748-0248	Oval	240	739	17	18	none	none	0	0	0	0	0
169	0557-0057	Oval	50	550	14	14	none	none	0	0	0	0	0
170	0846-0685	Oval	675	839	20	14	none	none	0	0	0	0	0
171	0806-0747	Oval	740	798	15	17	none	none	0	0	0	0	0
172	0763-0881	Oval	873	753	17	20	none	none	0	0	0	0	0
173	0801-0969	Oval	961	793	17	16	none	none	0	0	0	0	0
174	0825-0964	Oval	960	819	9	13	none	none	0	0	0	0	0
175	0943-0790	Oval	782	937	17	12	none	none	0	0	0	0	0
176	0957-0872	Oval	867	951	11	12	none	none	0	0	0	0	0
177	0948-0892	Oval	884	941	16	14	none	none	0	0	0	0	0
178	0782-0998	Oval	992	774	13	17	none	none	0	0	0	0	0
179	0838-0986	Oval	978	829	16	18	none	none	0	0	0	0	0
180	0816-0947	Oval	941	813	12	7	none	none	0	0	0	0	0
181	0825-0943	Oval	937	821	12	9	none	none	0	0	0	0	0
182	0530-0789	Oval	782	521	15	18	none	none	0	0	0	0	0
183	0721-0585	Oval	579	713	12	16	none	none	0	0	0	0	0
184	0719-0569	Oval	562	713	15	13	none	none	0	0	0	0	0
185	0582-0145	Oval	134	573	22	18	none	none	0	0	0	0	0
186	0704-0032	Oval	26	699	12	10	none	none	0	0	0	0	0
187	0692-0034	Oval	29	689	11	6	none	none	0	0	0	0	0
188	0705-0017	Oval	12	700	10	11	none	none	0	0	0	0	0
189	0671-0031	Oval	22	664	18	15	none	none	0	0	0	0	0
190	0245-1008	Oval	1003	236	11	18	none	none	0	0	0	0	0
191	0213-0962	Oval	955	206	14	14	none	none	0	0	0	0	0
192	0274-0457	Oval	451	264	12	20	none	none	0	0	0	0	0
193	0332-0380	Oval	373	326	14	12	none	none	0	0	0	0	0
194	0221-0475	Oval	468	214	14	15	none	none	0	0	0	0	0
195	0444-0649	Oval	640	440	18	9	none	none	0	0	0	0	0
196	0590-0301	Oval	291	583	21	15	none	none	0	0	0	0	0
197	0812-0589	Oval	577	803	24	18	none	none	0	0	0	0	0
198	0949-0704	Oval	698	943	13	13	none	none	0	0	0	0	0
199	0732-0806	Oval	799	723	14	19	none	none	0	0	0	0	0
200	0237-0639	Oval	631	231	17	12	none	none	0	0	0	0	0
201	0127-0879	Oval	870	121	19	12	none	none	0	0	0	0	0
202	0680-0829	Oval	823	676	12	9	none	none	0	0	0	0	0
203	0702-0824	Oval	816	696	17	13	none	none	0	0	0	0	0
204	0687-0821	Oval	817	684	9	7	none	none	0	0	0	0	0
205	0808-1018	Oval	1014	803	9	11	none	none	0	0	0	0	0
206	0282-0112	Oval	106	274	13	16	none	none	0	0	0	0	0
207	0280-0497	Oval	488	272	18	17	none	none	0	0	0	0	0
208	0562-0117	Oval	108	555	18	15	none	none	0	0	0	0	0
209	0745-0536	Oval	530	740	13	10	none	none	0	0	0	0	0
210	0070-0023	Oval	18	64	10	12	none	none	0	0	0	0	0
211	0055-0029	Oval	23	51	13	9	none	none	0	0	0	0	0
212	0007-0060	Oval	55	1	11	12	none	none	0	0	0	0	0
213	0805-0433	Oval	426	797	14	16	none	none	0	0	0	0	0
214	0839-0039	Oval	29	829	21	20	none	none	0	0	0	0	0
215	0114-0370	Oval	363	106	15	16	none	none	0	0	0	0	0
216	0109-0333	Oval	324	102	19	14	none	none	0	0	0	0	0
217	0027-0330	Oval	321	19	19	17	none	none	0	0	0	0	0
218	0198-0426	Oval	418	192	16	12	none	none	0	0	0	0	0
219	0272-0568	Oval	563	267	10	11	none	none	0	0	0	0	0
220	0372-0909	Oval	899	365	20	14	none	none	0	0	0	0	0
221	0705-0478	Oval	469	697	18	16	none	none	0	0	0	0	0
222	0380-0720	Oval	713	371	14	18	none	none	0	0	0	0	0
223	0821-0346	Oval	336	811	20	20	none	none	0	0	0	0	0
224	0756-0966	Oval	957	747	18	18	none	none	0	0	0	0	0
225	0652-0994	Oval	987	644	15	16	none	none	0	0	0	0	0
226	0858-0492	Oval	481	850	23	17	none	none	0	0	0	0	0
227	0338-0310	Oval	300	327	21	22	none	none	0	0	0	0	0
