0	0092-0600	Oval	593	86	14	13	red	none	0	0	0	0	0
1	0026-0530	Oval	523	20	14	12	red	none	0	0	0	0	0
2	0130-0491	Oval	485	123	13	14	red	none	0	0	0	0	0
3	0024-0487	Oval	480	18	14	12	red	none	0	0	0	0	0
4	0175-0647	Oval	642	169	11	12	red	none	0	0	0	0	0
5	0164-0594	Oval	589	159	10	10	red	none	0	0	0	0	0
6	0163-0576	Oval	571	158	10	10	red	none	0	0	0	0	0
7	0173-0573	Oval	567	168	12	11	red	none	0	0	0	0	0
8	0243-0691	Oval	685	238	12	11	red	none	0	0	0	0	0
9	0276-0656	Oval	648	269	16	14	red	none	0	0	0	0	0
10	0172-0694	Oval	687	165	15	15	red	none	0	0	0	0	0
11	0306-0565	Oval	558	300	15	13	red	none	0	0	0	0	0
12	0065-0790	Oval	783	60	15	11	red	none	0	0	0	0	0
13	0193-0872	Oval	866	187	12	13	red	none	0	0	0	0	0
14	0205-0860	Oval	853	199	14	12	red	none	0	0	0	0	0
15	0026-0879	Oval	870	20	19	13	red	none	0	0	0	0	0
16	0023-0744	Oval	737	16	15	15	red	none	0	0	0	0	0
17	0056-0713	Oval	707	50	13	12	red	none	0	0	0	0	0
18	0165-0763	Oval	757	160	13	10	red	none	0	0	0	0	0
19	0016-0471	Oval	464	10	15	12	red	none	0	0	0	0	0
20	0050-0427	Oval	420	42	14	16	red	none	0	0	0	0	0
21	0114-0412	Oval	406	109	12	10	red	none	0	0	0	0	0
22	0127-0409	Oval	402	121	14	12	red	none	0	0	0	0	0
23	0066-0335	Oval	330	61	11	11	red	none	0	0	0	0	0
24	0183-0260	Oval	253	176	15	14	red	none	0	0	0	0	0
25	0075-0119	Oval	113	68	13	14	red	none	0	0	0	0	0
26	0045-0040	Oval	34	39	13	12	red	none	0	0	0	0	0
27	0260-0068	Oval	61	254	14	13	red	none	0	0	0	0	0
28	0293-0045	Oval	38	288	14	10	red	none	0	0	0	0	0
29	0392-0289	Oval	283	386	13	13	red	none	0	0	0	0	0
30	0330-0224	Oval	218	326	13	9	red	none	0	0	0	0	0
31	0426-0212	Oval	205	419	15	15	red	none	0	0	0	0	0
32	0532-0217	Oval	210	525	15	15	red	none	0	0	0	0	0
33	0542-0319	Oval	314	536	10	12	red	none	0	0	0	0	0
34	0555-0335	Oval	329	550	12	11	red	none	0	0	0	0	0
35	0557-0407	Oval	400	552	14	11	red	none	0	0	0	0	0
36	0449-0444	Oval	439	443	10	13	red	none	0	0	0	0	0
37	0501-0532	Oval	526	495	13	13	red	none	0	0	0	0	0
38	0555-0611	Oval	605	550	12	11	red	none	0	0	0	0	0
39	0522-0637	Oval	633	517	8	11	red	none	0	0	0	0	0
40	0600-0578	Oval	571	594	14	13	red	none	0	0	0	0	0
41	0630-0553	Oval	545	624	16	12	red	none	0	0	0	0	0
42	0623-0618	Oval	612	619	13	9	red	none	0	0	0	0	0
43	0467-0673	Oval	667	461	12	13	red	none	0	0	0	0	0
44	0432-0684	Oval	678	428	13	9	red	none	0	0	0	0	0
45	0457-0785	Oval	778	451	15	13	red	none	0	0	0	0	0
46	0585-0706	Oval	699	579	14	12	red	none	0	0	0	0	0
47	0633-0694	Oval	688	628	13	11	red	none	0	0	0	0	0
48	0634-0823	Oval	819	630	9	8	red	none	0	0	0	0	0
49	0671-0820	Oval	814	667	12	9	red	none	0	0	0	0	0
50	0691-0767	Oval	760	684	15	14	red	none	0	0	0	0	0
51	0532-0927	Oval	920	527	14	10	red	none	0	0	0	0	0
52	0499-0852	Oval	848	495	9	9	red	none	0	0	0	0	0
53	0714-0959	Oval	954	708	10	12	red	none	0	0	0	0	0
54	0731-0848	Oval	843	726	11	10	red	none	0	0	0	0	0
55	0763-0842	Oval	837	758	11	10	red	none	0	0	0	0	0
56	0859-0912	Oval	906	852	13	15	red	none	0	0	0	0	0
57	0848-0878	Oval	870	841	16	15	red	none	0	0	0	0	0
58	0913-0836	Oval	828	907	17	13	red	none	0	0	0	0	0
59	0810-0751	Oval	745	805	13	10	red	none	0	0	0	0	0
60	0900-0730	Oval	724	895	13	11	red	none	0	0	0	0	0
61	0778-0748	Oval	743	773	11	10	red	none	0	0	0	0	0
62	0743-0542	Oval	537	737	11	13	red	none	0	0	0	0	0
63	0648-0456	Oval	452	643	8	10	red	none	0	0	0	0	0
64	0812-0403	Oval	397	807	13	10	red	none	0	0	0	0	0
65	0845-0427	Oval	422	839	11	12	red	none	0	0	0	0	0
66	0760-0488	Oval	485	756	6	8	red	none	0	0	0	0	0
67	0820-0311	Oval	306	815	11	11	red	none	0	0	0	0	0
68	0844-0258	Oval	252	838	12	12	red	none	0	0	0	0	0
69	0752-0213	Oval	207	746	12	13	red	none	0	0	0	0	0
70	0896-0313	Oval	308	891	10	10	red	none	0	0	0	0	0
71	0918-0207	Oval	200	912	15	12	red	none	0	0	0	0	0
72	0877-0036	Oval	29	870	14	14	red	none	0	0	0	0	0
73	0969-0023	Oval	17	962	12	15	red	none	0	0	0	0	0
74	0915-0006	Oval	1	910	10	11	red	none	0	0	0	0	0
75	0674-0258	Oval	252	669	12	11	red	none	0	0	0	0	0
76	0733-0303	Oval	296	727	14	12	red	none	0	0	0	0	0
77	0637-0173	Oval	167	633	12	9	red	none	0	0	0	0	0
78	0624-0199	Oval	190	618	18	13	red	none	0	0	0	0	0
79	0615-0186	Oval	180	610	12	10	red	none	0	0	0	0	0
80	0550-0052	Oval	45	543	14	14	red	none	0	0	0	0	0
81	0361-0488	Oval	483	355	10	13	red	none	0	0	0	0	0
82	0276-0359	Oval	354	271	11	10	red	none	0	0	0	0	0
83	0350-0903	Oval	896	343	14	15	red	none	0	0	0	0	0
84	0363-0853	Oval	848	358	10	11	red	none	0	0	0	0	0
85	0493-0894	Oval	887	484	14	18	red	none	0	0	0	0	0
86	0502-0969	Oval	962	496	15	13	red	none	0	0	0	0	0
87	0510-1014	Oval	1010	503	9	14	red	none	0	0	0	0	0
88	0385-1014	Oval	1007	381	14	9	red	none	0	0	0	0	0
89	0408-0720	Oval	716	403	9	10	red	none	0	0	0	0	0
90	0394-0642	Oval	632	387	20	14	red	none	0	0	0	0	0
91	0725-0496	Oval	490	717	13	17	red	none	0	0	0	0	0
92	0785-0371	Oval	360	777	22	17	red	none	0	0	0	0	0
93	0892-0262	Oval	257	886	10	12	red	none	0	0	0	0	0
94	0897-0251	Oval	247	892	9	10	red	none	0	0	0	0	0
95	0626-0387	Oval	381	619	12	15	red	none	0	0	0	0	0
96	0553-0275	Oval	267	548	16	11	red	none	0	0	0	0	0
97	0031-0987	Oval	979	24	16	14	red	none	0	0	0	0	0
98	0061-0908	Oval	897	49	23	25	red	none	0	0	0	0	0
99	0103-1019	Oval	1015	98	9	11	red	none	0	0	0	0	0
100	0185-0986	Oval	977	179	19	12	red	none	0	0	0	0	0
101	0115-0791	Oval	785	110	13	10	red	none	0	0	0	0	0
102	0129-0794	Oval	789	125	11	9	red	none	0	0	0	0	0
103	0109-0774	Oval	769	105	10	9	red	none	0	0	0	0	0
104	0308-0686	Oval	677	301	19	15	red	none	0	0	0	0	0
105	0579-0951	Oval	941	570	21	18	red	none	0	0	0	0	0
106	0599-0999	Oval	992	593	14	13	red	none	0	0	0	0	0
107	0373-0226	Oval	217	365	18	17	red	none	0	0	0	0	0
108	0308-0284	Oval	275	300	18	16	red	none	0	0	0	0	0
109	0549-0350	Oval	342	543	16	13	red	none	0	0	0	0	0
110	0631-0455	Oval	449	625	13	13	red	none	0	0	0	0	0
111	0748-0380	Oval	372	739	16	18	red	none	0	0	0	0	0
112	0696-0327	Oval	318	688	19	16	red	none	0	0	0	0	0
113	0536-0526	Oval	520	529	13	15	red	none	0	0	0	0	0
114	0885-0203	Oval	193	877	20	16	red	none	0	0	0	0	0
115	0847-0720	Oval	711	840	18	15	red	none	0	0	0	0	0
116	0930-0736	Oval	731	925	10	11	red	none	0	0	0	0	0
117	0895-0884	Oval	878	887	12	16	red	none	0	0	0	0	0
118	0776-0856	Oval	851	771	11	11	red	none	0	0	0	0	0
119	0639-0837	Oval	832	634	10	11	red	none	0	0	0	0	0
120	0954-0753	Oval	743	947	21	14	red	none	0	0	0	0	0
121	0979-0768	Oval	758	972	20	15	red	none	0	0	0	0	0
122	1000-0825	Oval	816	992	18	17	red	none	0	0	0	0	0
123	0987-0547	Oval	541	981	12	12	red	none	0	0	0	0	0
124	1012-0553	Oval	544	1007	18	10	red	none	0	0	0	0	0
125	0961-0507	Oval	498	954	18	14	red	none	0	0	0	0	0
126	0102-0332	Oval	323	94	18	16	red	none	0	0	0	0	0
127	0143-0431	Oval	427	137	9	13	red	none	0	0	0	0	0
128	0151-0328	Oval	322	146	13	11	red	none	0	0	0	0	0
129	0045-0074	Oval	70	40	8	10	red	none	0	0	0	0	0
130	0175-0083	Oval	77	167	13	17	red	none	0	0	0	0	0
131	0320-0221	Oval	214	317	14	7	red	none	0	0	0	0	0
132	0140-0566	Oval	558	135	16	11	red	none	0	0	0	0	0
133	0188-0630	Oval	624	183	13	11	red	none	0	0	0	0	0
134	0082-0656	Oval	652	77	9	10	red	none	0	0	0	0	0
135	0041-0665	Oval	657	33	16	16	red	none	0	0	0	0	0
136	0437-0929	Oval	922	432	15	11	red	none	0	0	0	0	0
137	0440-0778	Oval	770	433	16	14	red	none	0	0	0	0	0
138	0292-0913	Oval	903	283	20	19	red	none	0	0	0	0	0
139	0677-0951	Oval	942	670	19	14	red	none	0	0	0	0	0
140	0643-0982	Oval	975	637	14	13	red	none	0	0	0	0	0
141	0844-0672	Oval	662	835	21	18	red	none	0	0	0	0	0
142	0862-1001	Oval	993	856	17	13	red	none	0	0	0	0	0
143	0763-0992	Oval	986	756	13	15	red	none	0	0	0	0	0
144	0813-1012	Oval	1008	808	9	11	red	none	0	0	0	0	0
145	0899-0330	Oval	324	893	12	13	red	none	0	0	0	0	0
146	0482-0568	Oval	557	474	23	16	red	none	0	0	0	0	0
147	0033-0209	Oval	203	28	13	11	red	none	0	0	0	0	0
148	0336-0575	Oval	568	328	14	17	red	none	0	0	0	0	0
149	0349-0604	Oval	596	341	17	17	red	none	0	0	0	0	0
150	0772-0447	Oval	437	764	21	16	red	none	0	0	0	0	0
151	0696-0235	Oval	228	688	15	16	red	none	0	0	0	0	0
152	0200-0097	Oval	93	196	9	9	red	none	0	0	0	0	0
153	0207-0197	Oval	189	200	17	15	red	none	0	0	0	0	0
154	0200-0112	Oval	106	193	12	14	red	none	0	0	0	0	0
155	0636-0864	Oval	857	629	14	15	red	none	0	0	0	0	0
156	0951-0692	Oval	685	942	14	18	red	none	0	0	0	0	0
157	0823-0901	Oval	894	817	14	13	red	none	0	0	0	0	0
158	0869-0891	Oval	882	862	18	15	red	none	0	0	0	0	0
159	0790-0758	Oval	752	785	12	11	red	none	0	0	0	0	0
160	0674-0979	Oval	972	667	14	15	red	none	0	0	0	0	0
161	0579-0405	Oval	398	572	15	14	red	none	0	0	0	0	0
162	0555-0508	Oval	501	549	14	13	red	none	0	0	0	0	0
163	0745-0477	Oval	471	738	13	14	red	none	0	0	0	0	0
164	0644-0470	Oval	464	637	13	15	red	none	0	0	0	0	0
165	0946-0183	Oval	174	938	18	17	red	none	0	0	0	0	0
166	0831-0017	Oval	9	823	16	16	red	none	0	0	0	0	0
167	0406-0953	Oval	945	398	16	17	red	none	0	0	0	0	0
168	0782-0785	Oval	779	776	12	13	red	none	0	0	0	0	0
169	0744-0175	Oval	167	737	17	14	red	none	0	0	0	0	0
