0	0094-0820	Oval	810	86	21	16	none	none	0	0	0	0	0
1	0048-0799	Oval	789	42	21	13	none	none	0	0	0	0	0
2	0103-0672	Oval	664	96	17	15	none	none	0	0	0	0	0
3	0191-0694	Oval	685	182	19	19	none	none	0	0	0	0	0
4	0217-0684	Oval	676	210	16	14	none	none	0	0	0	0	0
5	0224-0767	Oval	757	217	21	14	none	none	0	0	0	0	0
6	0204-0753	Oval	747	197	12	14	none	none	0	0	0	0	0
7	0178-0643	Oval	639	174	8	9	none	none	0	0	0	0	0
8	0221-0620	Oval	615	214	11	15	none	none	0	0	0	0	0
9	0211-0582	Oval	575	202	14	19	none	none	0	0	0	0	0
10	0287-0542	Oval	532	280	21	15	none	none	0	0	0	0	0
11	0286-0753	Oval	744	278	19	16	none	none	0	0	0	0	0
12	0228-0882	Oval	874	222	16	13	none	none	0	0	0	0	0
13	0143-0928	Oval	915	135	27	17	none	none	0	0	0	0	0
14	0287-0673	Oval	667	283	13	8	none	none	0	0	0	0	0
15	0296-0682	Oval	678	293	9	7	none	none	0	0	0	0	0
16	0384-0783	Oval	772	376	23	17	none	none	0	0	0	0	0
17	0309-0772	Oval	764	302	16	14	none	none	0	0	0	0	0
18	0418-0870	Oval	861	408	19	20	none	none	0	0	0	0	0
19	0466-0875	Oval	867	454	16	25	none	none	0	0	0	0	0
20	0409-0755	Oval	747	400	17	18	none	none	0	0	0	0	0
21	0363-0592	Oval	586	356	13	15	none	none	0	0	0	0	0
22	0394-0560	Oval	550	388	21	13	none	none	0	0	0	0	0
23	0479-0676	Oval	665	467	22	24	none	none	0	0	0	0	0
24	0410-0597	Oval	589	405	16	11	none	none	0	0	0	0	0
25	0420-0581	Oval	575	414	12	12	none	none	0	0	0	0	0
26	0491-0596	Oval	590	485	12	13	none	none	0	0	0	0	0
27	0248-0979	Oval	974	240	11	16	none	none	0	0	0	0	0
28	0277-1006	Oval	999	268	14	18	none	none	0	0	0	0	0
29	0210-0956	Oval	948	201	16	19	none	none	0	0	0	0	0
30	0029-0930	Oval	924	23	12	13	none	none	0	0	0	0	0
31	0027-0890	Oval	879	20	22	14	none	none	0	0	0	0	0
32	0009-0871	Oval	864	3	14	12	none	none	0	0	0	0	0
33	0046-0554	Oval	546	37	17	18	none	none	0	0	0	0	0
34	0020-0598	Oval	592	13	13	14	none	none	0	0	0	0	0
35	0481-0940	Oval	934	474	12	15	none	none	0	0	0	0	0
36	0528-0915	Oval	906	520	18	16	none	none	0	0	0	0	0
37	0357-0673	Oval	668	351	10	12	none	none	0	0	0	0	0
38	0363-0685	Oval	681	358	9	10	none	none	0	0	0	0	0
39	0503-0626	Oval	622	499	9	8	none	none	0	0	0	0	0
40	0541-0725	Oval	714	532	23	18	none	none	0	0	0	0	0
41	0543-0689	Oval	681	536	17	15	none	none	0	0	0	0	0
42	0576-0693	Oval	688	565	10	22	none	none	0	0	0	0	0
43	0573-0635	Oval	630	567	10	12	none	none	0	0	0	0	0
44	0556-0534	Oval	527	549	15	15	none	none	0	0	0	0	0
45	0567-0787	Oval	780	558	15	19	none	none	0	0	0	0	0
46	0568-0874	Oval	865	561	18	15	none	none	0	0	0	0	0
47	0567-0896	Oval	888	562	16	11	none	none	0	0	0	0	0
48	0576-0889	Oval	885	573	9	7	none	none	0	0	0	0	0
49	0590-0891	Oval	885	584	13	12	none	none	0	0	0	0	0
50	0618-0904	Oval	897	612	15	12	none	none	0	0	0	0	0
51	0705-0951	Oval	942	696	19	19	none	none	0	0	0	0	0
52	0458-0504	Oval	498	452	12	13	none	none	0	0	0	0	0
53	0473-0484	Oval	478	464	12	18	none	none	0	0	0	0	0
54	0592-0463	Oval	457	586	13	13	none	none	0	0	0	0	0
55	0628-0524	Oval	519	623	10	11	none	none	0	0	0	0	0
56	0690-0436	Oval	430	683	12	15	none	none	0	0	0	0	0
57	0715-0477	Oval	466	705	22	20	none	none	0	0	0	0	0
58	0641-0381	Oval	371	635	20	13	none	none	0	0	0	0	0
59	0714-0585	Oval	578	706	14	17	none	none	0	0	0	0	0
60	0670-0605	Oval	597	662	16	16	none	none	0	0	0	0	0
61	0711-0564	Oval	557	705	14	12	none	none	0	0	0	0	0
62	0757-0463	Oval	455	750	16	15	none	none	0	0	0	0	0
63	0724-0325	Oval	318	717	15	15	none	none	0	0	0	0	0
64	0613-0298	Oval	292	606	13	15	none	none	0	0	0	0	0
65	0524-0265	Oval	259	519	13	10	none	none	0	0	0	0	0
66	0811-0371	Oval	362	805	18	12	none	none	0	0	0	0	0
67	0845-0474	Oval	466	839	17	13	none	none	0	0	0	0	0
68	0893-0676	Oval	666	887	20	12	none	none	0	0	0	0	0
69	0784-0202	Oval	193	775	19	19	none	none	0	0	0	0	0
70	0645-0159	Oval	147	635	24	20	none	none	0	0	0	0	0
71	0660-0069	Oval	61	655	17	11	none	none	0	0	0	0	0
72	0687-0067	Oval	60	680	15	14	none	none	0	0	0	0	0
73	0841-0194	Oval	179	832	31	18	none	none	0	0	0	0	0
74	0841-0119	Oval	110	834	18	14	none	none	0	0	0	0	0
75	0928-0169	Oval	161	918	17	21	none	none	0	0	0	0	0
76	0881-0033	Oval	25	873	17	16	none	none	0	0	0	0	0
77	0908-0035	Oval	29	899	13	19	none	none	0	0	0	0	0
78	0457-0275	Oval	265	450	20	14	none	none	0	0	0	0	0
79	0383-0275	Oval	266	371	19	25	none	none	0	0	0	0	0
80	0497-0152	Oval	145	492	15	11	none	none	0	0	0	0	0
81	0389-0059	Oval	52	381	14	16	none	none	0	0	0	0	0
82	0364-0023	Oval	13	355	20	18	none	none	0	0	0	0	0
83	0363-0105	Oval	96	354	18	19	none	none	0	0	0	0	0
84	0180-0403	Oval	396	175	14	11	none	none	0	0	0	0	0
85	0151-0394	Oval	389	146	10	10	none	none	0	0	0	0	0
86	0216-0419	Oval	406	207	27	18	none	none	0	0	0	0	0
87	0317-0438	Oval	426	304	25	26	none	none	0	0	0	0	0
88	0362-0381	Oval	373	355	17	14	none	none	0	0	0	0	0
89	0472-0429	Oval	420	462	19	21	none	none	0	0	0	0	0
90	0350-0475	Oval	469	343	13	14	none	none	0	0	0	0	0
91	0347-0502	Oval	496	341	12	13	none	none	0	0	0	0	0
92	0281-0488	Oval	479	274	18	14	none	none	0	0	0	0	0
93	0171-0496	Oval	490	164	12	14	none	none	0	0	0	0	0
94	0138-0192	Oval	183	129	18	18	none	none	0	0	0	0	0
95	0110-0135	Oval	124	101	22	18	none	none	0	0	0	0	0
96	0192-0126	Oval	116	185	21	15	none	none	0	0	0	0	0
97	0219-0165	Oval	153	213	24	12	none	none	0	0	0	0	0
98	0202-0184	Oval	175	196	19	13	none	none	0	0	0	0	0
99	0211-0328	Oval	318	202	21	18	none	none	0	0	0	0	0
100	0249-0232	Oval	226	244	12	11	none	none	0	0	0	0	0
101	0253-0212	Oval	206	246	13	14	none	none	0	0	0	0	0
102	0193-0051	Oval	46	188	10	10	none	none	0	0	0	0	0
103	0207-0060	Oval	51	202	18	10	none	none	0	0	0	0	0
104	0217-0091	Oval	78	211	26	13	none	none	0	0	0	0	0
105	0231-0093	Oval	87	227	12	9	none	none	0	0	0	0	0
106	0092-0409	Oval	402	85	15	14	none	none	0	0	0	0	0
107	0087-0444	Oval	435	81	18	13	none	none	0	0	0	0	0
108	0043-0431	Oval	424	36	14	15	none	none	0	0	0	0	0
109	0030-0339	Oval	331	23	17	15	none	none	0	0	0	0	0
110	0022-0251	Oval	243	16	16	12	none	none	0	0	0	0	0
111	0471-0778	Oval	769	464	18	14	none	none	0	0	0	0	0
112	0630-0539	Oval	531	623	16	14	none	none	0	0	0	0	0
113	0645-0615	Oval	604	638	23	15	none	none	0	0	0	0	0
114	0655-0710	Oval	698	645	25	20	none	none	0	0	0	0	0
115	0748-0989	Oval	973	738	33	20	none	none	0	0	0	0	0
116	0774-0940	Oval	933	765	15	18	none	none	0	0	0	0	0
117	0819-0974	Oval	966	808	17	22	none	none	0	0	0	0	0
118	0787-0864	Oval	855	776	19	22	none	none	0	0	0	0	0
119	0757-0624	Oval	613	748	23	19	none	none	0	0	0	0	0
120	0706-0695	Oval	684	692	22	28	none	none	0	0	0	0	0
121	0813-0766	Oval	757	805	18	17	none	none	0	0	0	0	0
122	0867-0761	Oval	748	859	27	16	none	none	0	0	0	0	0
123	0969-0784	Oval	775	959	18	21	none	none	0	0	0	0	0
124	1001-0875	Oval	866	993	18	17	none	none	0	0	0	0	0
125	0825-0874	Oval	867	820	15	11	none	none	0	0	0	0	0
126	0895-1007	Oval	1000	886	14	19	none	none	0	0	0	0	0
127	0938-0888	Oval	882	932	12	12	none	none	0	0	0	0	0
128	0952-0871	Oval	866	945	11	15	none	none	0	0	0	0	0
129	0880-0807	Oval	796	872	22	16	none	none	0	0	0	0	0
130	0925-0591	Oval	586	915	11	21	none	none	0	0	0	0	0
131	0955-0706	Oval	699	948	14	14	none	none	0	0	0	0	0
132	0986-1003	Oval	997	980	13	12	none	none	0	0	0	0	0
133	0969-0962	Oval	954	962	17	14	none	none	0	0	0	0	0
134	0434-0839	Oval	832	428	14	13	none	none	0	0	0	0	0
135	0793-0452	Oval	444	787	16	13	none	none	0	0	0	0	0
136	0657-0445	Oval	438	651	15	12	none	none	0	0	0	0	0
137	0618-0369	Oval	361	614	16	9	none	none	0	0	0	0	0
138	0977-0491	Oval	477	966	28	22	none	none	0	0	0	0	0
139	0930-0464	Oval	455	924	19	12	none	none	0	0	0	0	0
140	1007-0149	Oval	143	1001	12	13	none	none	0	0	0	0	0
141	1011-0202	Oval	191	1005	22	13	none	none	0	0	0	0	0
142	0758-0249	Oval	239	753	21	10	none	none	0	0	0	0	0
143	0571-0155	Oval	148	565	14	12	none	none	0	0	0	0	0
144	0849-0135	Oval	129	845	12	8	none	none	0	0	0	0	0
145	0954-0121	Oval	113	946	17	17	none	none	0	0	0	0	0
146	0782-0008	Oval	3	776	11	13	none	none	0	0	0	0	0
147	0243-0281	Oval	274	238	14	11	none	none	0	0	0	0	0
148	0331-0045	Oval	36	324	18	15	none	none	0	0	0	0	0
149	0243-0062	Oval	55	239	14	8	none	none	0	0	0	0	0
150	0072-0758	Oval	752	63	13	19	none	none	0	0	0	0	0
151	0250-0559	Oval	549	244	21	13	none	none	0	0	0	0	0
152	0259-0624	Oval	618	251	13	16	none	none	0	0	0	0	0
153	0178-0656	Oval	651	172	11	13	none	none	0	0	0	0	0
154	0367-0572	Oval	566	357	12	20	none	none	0	0	0	0	0
155	0395-0832	Oval	827	389	11	13	none	none	0	0	0	0	0
156	0506-0553	Oval	543	499	20	15	none	none	0	0	0	0	0
157	0507-0634	Oval	632	504	5	7	none	none	0	0	0	0	0
158	0485-0747	Oval	741	479	13	13	none	none	0	0	0	0	0
159	0540-0959	Oval	952	532	14	17	none	none	0	0	0	0	0
160	0482-0927	Oval	923	477	9	10	none	none	0	0	0	0	0
161	0670-0989	Oval	984	664	10	13	none	none	0	0	0	0	0
162	0974-0673	Oval	667	967	12	15	none	none	0	0	0	0	0
163	1017-0654	Oval	647	1011	15	13	none	none	0	0	0	0	0
164	0898-0420	Oval	411	892	18	13	none	none	0	0	0	0	0
165	0914-0328	Oval	318	906	20	17	none	none	0	0	0	0	0
166	0685-0377	Oval	367	676	21	18	none	none	0	0	0	0	0
167	0811-0451	Oval	446	805	10	13	none	none	0	0	0	0	0
168	0509-0005	Oval	1	503	9	12	none	none	0	0	0	0	0
169	0091-0006	Oval	2	85	8	13	none	none	0	0	0	0	0
170	0064-0043	Oval	33	59	21	11	none	none	0	0	0	0	0
171	0209-0039	Oval	30	200	18	19	none	none	0	0	0	0	0
172	0369-0124	Oval	118	360	12	19	none	none	0	0	0	0	0
173	0196-0884	Oval	877	189	15	15	none	none	0	0	0	0	0
174	0182-0911	Oval	904	174	14	17	none	none	0	0	0	0	0
175	0246-0915	Oval	908	237	15	18	none	none	0	0	0	0	0
176	0115-0866	Oval	861	107	11	17	none	none	0	0	0	0	0
177	0096-0997	Oval	991	87	13	18	none	none	0	0	0	0	0
178	0145-1018	Oval	1012	137	12	17	none	none	0	0	0	0	0
179	0913-0796	Oval	788	908	17	11	none	none	0	0	0	0	0
180	0896-0932	Oval	925	888	14	16	none	none	0	0	0	0	0
181	0884-0889	Oval	880	876	19	17	none	none	0	0	0	0	0
182	0013-0725	Oval	715	6	21	15	none	none	0	0	0	0	0
183	1018-0729	Oval	723	1013	13	10	none	none	0	0	0	0	0
