0	0194-0739	Oval	729	188	20	12	none	none	0	0	0	0	0
1	0229-0762	Oval	756	222	13	14	none	none	0	0	0	0	0
2	0249-0792	Oval	785	242	14	14	none	none	0	0	0	0	0
3	0193-0811	Oval	804	186	15	15	none	none	0	0	0	0	0
4	0172-0821	Oval	812	167	18	10	none	none	0	0	0	0	0
5	0150-0719	Oval	714	146	10	9	none	none	0	0	0	0	0
6	0127-0802	Oval	793	122	19	11	none	none	0	0	0	0	0
7	0119-0779	Oval	774	112	10	14	none	none	0	0	0	0	0
8	0125-0567	Oval	559	117	16	16	none	none	0	0	0	0	0
9	0225-0614	Oval	610	219	9	13	none	none	0	0	0	0	0
10	0282-0633	Oval	624	274	19	16	none	none	0	0	0	0	0
11	0281-0711	Oval	703	273	17	16	none	none	0	0	0	0	0
12	0253-0690	Oval	685	248	11	10	none	none	0	0	0	0	0
13	0278-0693	Oval	688	273	10	11	none	none	0	0	0	0	0
14	0350-0683	Oval	677	344	13	12	none	none	0	0	0	0	0
15	0366-0719	Oval	710	358	18	17	none	none	0	0	0	0	0
16	0340-0599	Oval	591	333	17	15	none	none	0	0	0	0	0
17	0325-0523	Oval	518	318	10	14	none	none	0	0	0	0	0
18	0246-0551	Oval	544	239	15	15	none	none	0	0	0	0	0
19	0383-0560	Oval	553	375	15	16	none	none	0	0	0	0	0
20	0400-0697	Oval	690	395	15	10	none	none	0	0	0	0	0
21	0401-0672	Oval	668	395	9	13	none	none	0	0	0	0	0
22	0419-0666	Oval	657	414	18	10	none	none	0	0	0	0	0
23	0447-0679	Oval	670	439	18	17	none	none	0	0	0	0	0
24	0493-0538	Oval	528	486	20	15	none	none	0	0	0	0	0
25	0459-0504	Oval	495	452	19	14	none	none	0	0	0	0	0
26	0409-0525	Oval	518	403	14	13	none	none	0	0	0	0	0
27	0357-0494	Oval	487	352	14	10	none	none	0	0	0	0	0
28	0331-0475	Oval	468	322	14	18	none	none	0	0	0	0	0
29	0314-0472	Oval	466	310	12	9	none	none	0	0	0	0	0
30	0280-0452	Oval	441	272	22	16	none	none	0	0	0	0	0
31	0250-0425	Oval	417	244	16	12	none	none	0	0	0	0	0
32	0437-0446	Oval	437	430	19	14	none	none	0	0	0	0	0
33	0406-0377	Oval	365	398	24	17	none	none	0	0	0	0	0
34	0306-0332	Oval	324	299	16	14	none	none	0	0	0	0	0
35	0336-0347	Oval	343	330	8	12	none	none	0	0	0	0	0
36	0379-0327	Oval	321	369	13	21	none	none	0	0	0	0	0
37	0346-0293	Oval	285	340	16	13	none	none	0	0	0	0	0
38	0353-0228	Oval	222	348	13	11	none	none	0	0	0	0	0
39	0182-0456	Oval	447	177	19	11	none	none	0	0	0	0	0
40	0164-0466	Oval	456	157	21	15	none	none	0	0	0	0	0
41	0204-0455	Oval	449	197	13	14	none	none	0	0	0	0	0
42	0166-0413	Oval	406	160	14	13	none	none	0	0	0	0	0
43	0100-0407	Oval	398	94	19	13	none	none	0	0	0	0	0
44	0053-0417	Oval	408	46	19	14	none	none	0	0	0	0	0
45	0013-0528	Oval	524	10	8	6	none	none	0	0	0	0	0
46	0021-0585	Oval	579	17	13	9	none	none	0	0	0	0	0
47	0013-0608	Oval	600	7	16	12	none	none	0	0	0	0	0
48	0042-0640	Oval	633	37	14	11	none	none	0	0	0	0	0
49	0060-0747	Oval	742	55	10	11	none	none	0	0	0	0	0
50	0012-0910	Oval	902	6	17	13	none	none	0	0	0	0	0
51	0082-0819	Oval	813	76	12	12	none	none	0	0	0	0	0
52	0176-0917	Oval	910	167	14	18	none	none	0	0	0	0	0
53	0230-0935	Oval	929	222	13	16	none	none	0	0	0	0	0
54	0217-0849	Oval	842	211	15	12	none	none	0	0	0	0	0
55	0328-0940	Oval	935	320	11	16	none	none	0	0	0	0	0
56	0344-0919	Oval	908	337	22	14	none	none	0	0	0	0	0
57	0385-0950	Oval	942	374	17	23	none	none	0	0	0	0	0
58	0406-0867	Oval	860	398	15	17	none	none	0	0	0	0	0
59	0372-0838	Oval	829	366	19	12	none	none	0	0	0	0	0
60	0340-0836	Oval	825	333	23	14	none	none	0	0	0	0	0
61	0336-0770	Oval	760	330	21	12	none	none	0	0	0	0	0
62	0366-0782	Oval	774	357	16	18	none	none	0	0	0	0	0
63	0394-0760	Oval	754	390	12	9	none	none	0	0	0	0	0
64	0410-0774	Oval	768	405	12	11	none	none	0	0	0	0	0
65	0434-0800	Oval	794	429	12	10	none	none	0	0	0	0	0
66	0454-0786	Oval	781	448	10	12	none	none	0	0	0	0	0
67	0465-0807	Oval	802	459	10	13	none	none	0	0	0	0	0
68	0458-0755	Oval	750	453	11	10	none	none	0	0	0	0	0
69	0522-0867	Oval	856	514	23	16	none	none	0	0	0	0	0
70	0566-0895	Oval	888	556	15	20	none	none	0	0	0	0	0
71	0585-0846	Oval	842	580	9	10	none	none	0	0	0	0	0
72	0671-0917	Oval	911	664	12	14	none	none	0	0	0	0	0
73	0680-0868	Oval	860	674	16	12	none	none	0	0	0	0	0
74	0722-0831	Oval	825	715	13	15	none	none	0	0	0	0	0
75	0724-0808	Oval	800	717	17	15	none	none	0	0	0	0	0
76	0665-0724	Oval	717	658	14	14	none	none	0	0	0	0	0
77	0767-0860	Oval	855	763	11	9	none	none	0	0	0	0	0
78	0776-0845	Oval	841	771	9	11	none	none	0	0	0	0	0
79	0756-0758	Oval	751	749	14	15	none	none	0	0	0	0	0
80	0784-0774	Oval	768	775	13	19	none	none	0	0	0	0	0
81	0815-0736	Oval	729	808	15	14	none	none	0	0	0	0	0
82	0754-0734	Oval	727	748	15	12	none	none	0	0	0	0	0
83	0749-0635	Oval	626	743	19	13	none	none	0	0	0	0	0
84	0738-0614	Oval	608	732	13	12	none	none	0	0	0	0	0
85	0655-0601	Oval	591	648	21	14	none	none	0	0	0	0	0
86	0561-0571	Oval	566	557	10	9	none	none	0	0	0	0	0
87	0561-0510	Oval	502	555	16	12	none	none	0	0	0	0	0
88	0532-0485	Oval	476	526	18	12	none	none	0	0	0	0	0
89	0558-0456	Oval	446	551	20	14	none	none	0	0	0	0	0
90	0724-0527	Oval	522	717	11	15	none	none	0	0	0	0	0
91	0755-0566	Oval	561	747	11	16	none	none	0	0	0	0	0
92	0785-0572	Oval	567	778	11	15	none	none	0	0	0	0	0
93	0832-0589	Oval	582	823	15	19	none	none	0	0	0	0	0
94	0828-0448	Oval	440	822	17	13	none	none	0	0	0	0	0
95	0796-0414	Oval	405	788	18	17	none	none	0	0	0	0	0
96	0730-0370	Oval	361	724	18	12	none	none	0	0	0	0	0
97	0655-0368	Oval	364	651	9	8	none	none	0	0	0	0	0
98	0712-0405	Oval	401	707	8	10	none	none	0	0	0	0	0
99	0701-0411	Oval	406	698	11	7	none	none	0	0	0	0	0
100	0758-0343	Oval	335	754	16	9	none	none	0	0	0	0	0
101	0797-0288	Oval	281	790	14	14	none	none	0	0	0	0	0
102	0791-0268	Oval	263	787	11	9	none	none	0	0	0	0	0
103	0890-0427	Oval	420	884	15	13	none	none	0	0	0	0	0
104	0887-0377	Oval	368	880	18	15	none	none	0	0	0	0	0
105	0930-0393	Oval	388	924	10	12	none	none	0	0	0	0	0
106	0933-0412	Oval	409	928	7	10	none	none	0	0	0	0	0
107	0966-0395	Oval	389	961	13	10	none	none	0	0	0	0	0
108	0972-0515	Oval	506	967	18	11	none	none	0	0	0	0	0
109	0985-0383	Oval	372	979	22	13	none	none	0	0	0	0	0
110	0983-0446	Oval	437	978	18	11	none	none	0	0	0	0	0
111	0890-0344	Oval	338	886	13	8	none	none	0	0	0	0	0
112	0894-0277	Oval	269	888	16	12	none	none	0	0	0	0	0
113	0979-0280	Oval	272	973	17	13	none	none	0	0	0	0	0
114	0952-0345	Oval	339	946	13	13	none	none	0	0	0	0	0
115	0924-0227	Oval	222	919	10	10	none	none	0	0	0	0	0
116	0894-0229	Oval	223	888	13	12	none	none	0	0	0	0	0
117	0871-0238	Oval	229	864	18	15	none	none	0	0	0	0	0
118	0818-0243	Oval	235	812	16	12	none	none	0	0	0	0	0
119	0742-0230	Oval	224	736	13	13	none	none	0	0	0	0	0
120	0751-0203	Oval	195	745	16	13	none	none	0	0	0	0	0
121	0781-0192	Oval	184	773	16	16	none	none	0	0	0	0	0
122	0757-0176	Oval	170	751	13	12	none	none	0	0	0	0	0
123	0688-0198	Oval	192	683	12	10	none	none	0	0	0	0	0
124	0672-0191	Oval	186	667	11	10	none	none	0	0	0	0	0
125	0672-0228	Oval	218	665	21	15	none	none	0	0	0	0	0
126	0684-0036	Oval	30	678	12	13	none	none	0	0	0	0	0
127	0636-0035	Oval	30	631	11	10	none	none	0	0	0	0	0
128	0675-0012	Oval	8	672	9	7	none	none	0	0	0	0	0
129	0675-0012-1	Oval	8	672	9	7	none	none	0	0	0	0	0
130	0748-0016	Oval	11	743	10	10	none	none	0	0	0	0	0
131	0758-0006	Oval	2	753	9	10	none	none	0	0	0	0	0
132	0822-0024	Oval	19	817	11	11	none	none	0	0	0	0	0
133	0951-0098	Oval	90	942	16	19	none	none	0	0	0	0	0
134	0966-0174	Oval	162	955	24	23	none	none	0	0	0	0	0
135	0995-0065	Oval	55	989	21	12	none	none	0	0	0	0	0
136	0589-0022	Oval	16	581	12	16	none	none	0	0	0	0	0
137	0489-0023	Oval	14	482	18	14	none	none	0	0	0	0	0
138	0514-0133	Oval	119	505	28	18	none	none	0	0	0	0	0
139	0550-0174	Oval	164	541	21	18	none	none	0	0	0	0	0
140	0516-0197	Oval	191	509	12	14	none	none	0	0	0	0	0
141	0500-0211	Oval	205	496	13	9	none	none	0	0	0	0	0
142	0569-0232	Oval	225	561	15	17	none	none	0	0	0	0	0
143	0574-0141	Oval	130	565	23	18	none	none	0	0	0	0	0
144	0488-0124	Oval	119	482	10	13	none	none	0	0	0	0	0
145	0655-0227	Oval	223	652	8	6	none	none	0	0	0	0	0
146	0535-0283	Oval	274	528	19	15	none	none	0	0	0	0	0
147	0499-0291	Oval	280	492	23	15	none	none	0	0	0	0	0
148	0522-0384	Oval	377	516	14	12	none	none	0	0	0	0	0
149	0590-0343	Oval	337	585	13	11	none	none	0	0	0	0	0
150	0418-0344	Oval	337	412	14	12	none	none	0	0	0	0	0
151	0424-0277	Oval	270	420	14	9	none	none	0	0	0	0	0
152	0335-0195	Oval	186	328	19	14	none	none	0	0	0	0	0
153	0324-0138	Oval	129	317	19	15	none	none	0	0	0	0	0
154	0357-0126	Oval	115	346	23	23	none	none	0	0	0	0	0
155	0385-0153	Oval	147	381	13	9	none	none	0	0	0	0	0
156	0294-0129	Oval	123	289	13	11	none	none	0	0	0	0	0
157	0288-0110	Oval	102	281	16	14	none	none	0	0	0	0	0
158	0304-0089	Oval	80	299	18	11	none	none	0	0	0	0	0
159	0367-0053	Oval	47	360	12	14	none	none	0	0	0	0	0
160	0414-0005	Oval	0	409	10	11	none	none	0	0	0	0	0
161	0180-0166	Oval	159	177	15	7	none	none	0	0	0	0	0
162	0166-0027	Oval	20	161	14	10	none	none	0	0	0	0	0
163	0170-0005	Oval	1	166	9	8	none	none	0	0	0	0	0
164	0125-0099	Oval	93	119	12	12	none	none	0	0	0	0	0
165	0099-0096	Oval	90	94	13	10	none	none	0	0	0	0	0
166	0126-0047	Oval	39	120	16	13	none	none	0	0	0	0	0
167	0054-0173	Oval	165	46	16	16	none	none	0	0	0	0	0
168	0009-0054	Oval	44	2	20	14	none	none	0	0	0	0	0
169	0004-0371	Oval	366	0	11	8	none	none	0	0	0	0	0
170	0294-0409	Oval	402	286	15	17	none	none	0	0	0	0	0
171	0271-0315	Oval	309	265	12	12	none	none	0	0	0	0	0
172	0605-0258	Oval	251	596	15	19	none	none	0	0	0	0	0
173	0915-0738	Oval	730	910	17	11	none	none	0	0	0	0	0
174	0904-0772	Oval	766	899	12	10	none	none	0	0	0	0	0
175	0906-0802	Oval	794	900	16	12	none	none	0	0	0	0	0
176	0917-0791	Oval	786	913	11	8	none	none	0	0	0	0	0
177	0870-0861	Oval	855	862	13	16	none	none	0	0	0	0	0
178	0950-0894	Oval	887	936	15	28	none	none	0	0	0	0	0
179	0975-0963	Oval	954	966	19	18	none	none	0	0	0	0	0
180	0838-1006	Oval	999	832	15	13	none	none	0	0	0	0	0
181	0668-0975	Oval	967	660	16	17	none	none	0	0	0	0	0
182	0746-0995	Oval	991	741	8	10	none	none	0	0	0	0	0
183	0580-0877	Oval	873	576	9	9	none	none	0	0	0	0	0
184	0526-0986	Oval	981	519	11	14	none	none	0	0	0	0	0
185	0422-0938	Oval	933	418	11	9	none	none	0	0	0	0	0
186	0465-0871	Oval	863	459	17	12	none	none	0	0	0	0	0
187	0127-0978	Oval	974	123	9	8	none	none	0	0	0	0	0
188	0059-0974	Oval	966	54	17	11	none	none	0	0	0	0	0
189	0733-0686	Oval	676	727	20	13	none	none	0	0	0	0	0
190	0653-0670	Oval	662	643	17	21	none	none	0	0	0	0	0
191	0973-0641	Oval	634	964	15	19	none	none	0	0	0	0	0
192	0952-0745	Oval	735	946	21	13	none	none	0	0	0	0	0
193	0758-0886	Oval	880	752	12	12	none	none	0	0	0	0	0
194	0688-0992	Oval	987	684	11	8	none	none	0	0	0	0	0
195	0770-1005	Oval	1000	764	10	12	none	none	0	0	0	0	0
196	0033-0523	Oval	517	30	12	7	none	none	0	0	0	0	0
197	0189-1010	Oval	1006	181	9	16	none	none	0	0	0	0	0
198	0197-0907	Oval	898	190	19	14	none	none	0	0	0	0	0
199	0258-0763	Oval	756	250	14	16	none	none	0	0	0	0	0
200	0235-0745	Oval	738	228	15	15	none	none	0	0	0	0	0
201	0239-0725	Oval	718	232	14	14	none	none	0	0	0	0	0
202	0203-0691	Oval	686	196	11	14	none	none	0	0	0	0	0
203	0282-0581	Oval	576	278	11	9	none	none	0	0	0	0	0
204	0449-0131	Oval	124	442	15	15	none	none	0	0	0	0	0
205	0380-0166	Oval	161	374	11	12	none	none	0	0	0	0	0
206	0215-0145	Oval	141	212	8	7	none	none	0	0	0	0	0
207	0221-0099	Oval	90	215	18	13	none	none	0	0	0	0	0
208	0761-0090	Oval	83	755	15	12	none	none	0	0	0	0	0
209	0665-0412	Oval	408	659	9	12	none	none	0	0	0	0	0
210	0688-0429	Oval	424	681	10	15	none	none	0	0	0	0	0
211	0706-0022	Oval	16	702	12	9	none	none	0	0	0	0	0
212	0683-0020	Oval	14	679	12	8	none	none	0	0	0	0	0
213	0398-0069	Oval	63	395	13	6	none	none	0	0	0	0	0
214	0448-0148	Oval	146	443	5	10	none	none	0	0	0	0	0
215	0328-0609	Oval	605	324	9	9	none	none	0	0	0	0	0
216	0626-0856	Oval	847	619	19	14	none	none	0	0	0	0	0
217	0719-0700	Oval	692	714	16	11	none	none	0	0	0	0	0
218	0741-0725	Oval	720	735	11	13	none	none	0	0	0	0	0
219	0904-0519	Oval	511	896	17	16	none	none	0	0	0	0	0
220	0850-0842	Oval	834	843	17	14	none	none	0	0	0	0	0
221	0915-0832	Oval	827	910	11	11	none	none	0	0	0	0	0
222	0894-0893	Oval	880	882	26	25	none	none	0	0	0	0	0
223	0318-0652	Oval	644	311	17	15	none	none	0	0	0	0	0
224	0644-0435	Oval	424	635	23	18	none	none	0	0	0	0	0
225	0761-0039	Oval	31	754	16	14	none	none	0	0	0	0	0
226	0684-0168	Oval	160	677	16	15	none	none	0	0	0	0	0
227	0812-0226	Oval	219	805	14	15	none	none	0	0	0	0	0
228	0155-0171	Oval	157	147	28	17	none	none	0	0	0	0	0
229	0097-0775	Oval	769	91	13	12	none	none	0	0	0	0	0
230	0023-0724	Oval	719	18	11	10	none	none	0	0	0	0	0
231	0274-0986	Oval	972	266	28	17	none	none	0	0	0	0	0
232	0548-0612	Oval	606	541	12	15	none	none	0	0	0	0	0
233	0541-0543	Oval	534	534	18	15	none	none	0	0	0	0	0
234	0810-0097	Oval	88	801	18	19	none	none	0	0	0	0	0
235	0580-0858	Oval	852	575	12	10	none	none	0	0	0	0	0
236	0802-0596	Oval	590	795	13	14	none	none	0	0	0	0	0
