0	0216-0595	Oval	591	212	8	9	none	none	0	0	0	0	0
1	0246-0600	Oval	593	241	15	11	none	none	0	0	0	0	0
2	0278-0596	Oval	591	273	10	11	none	none	0	0	0	0	0
3	0301-0601	Oval	594	294	15	14	none	none	0	0	0	0	0
4	0303-0646	Oval	639	295	15	16	none	none	0	0	0	0	0
5	0299-0679	Oval	673	293	12	13	none	none	0	0	0	0	0
6	0358-0576	Oval	570	354	13	8	none	none	0	0	0	0	0
7	0375-0601	Oval	596	369	11	13	none	none	0	0	0	0	0
8	0370-0519	Oval	513	365	13	11	none	none	0	0	0	0	0
9	0384-0529	Oval	526	379	7	11	none	none	0	0	0	0	0
10	0378-0491	Oval	484	372	14	12	none	none	0	0	0	0	0
11	0345-0488	Oval	482	342	13	7	none	none	0	0	0	0	0
12	0335-0482	Oval	476	329	13	12	none	none	0	0	0	0	0
13	0275-0502	Oval	494	269	16	12	none	none	0	0	0	0	0
14	0202-0518	Oval	508	195	20	15	none	none	0	0	0	0	0
15	0215-0507	Oval	502	211	10	9	none	none	0	0	0	0	0
16	0158-0441	Oval	435	154	12	9	none	none	0	0	0	0	0
17	0150-0434	Oval	429	147	11	7	none	none	0	0	0	0	0
18	0161-0389	Oval	386	157	6	8	none	none	0	0	0	0	0
19	0108-0379	Oval	375	103	8	10	none	none	0	0	0	0	0
20	0077-0530	Oval	523	69	14	17	none	none	0	0	0	0	0
21	0052-0532	Oval	527	45	10	15	none	none	0	0	0	0	0
22	0053-0611	Oval	607	46	8	14	none	none	0	0	0	0	0
23	0008-0616	Oval	610	4	13	8	none	none	0	0	0	0	0
24	0181-0615	Oval	610	175	11	12	none	none	0	0	0	0	0
25	0131-0670	Oval	666	124	9	15	none	none	0	0	0	0	0
26	0365-0688	Oval	683	360	10	11	none	none	0	0	0	0	0
27	0415-0659	Oval	655	411	8	8	none	none	0	0	0	0	0
28	0433-0652	Oval	649	429	7	9	none	none	0	0	0	0	0
29	0420-0719	Oval	711	412	16	17	none	none	0	0	0	0	0
30	0407-0746	Oval	740	401	12	13	none	none	0	0	0	0	0
31	0523-0479	Oval	471	516	17	15	none	none	0	0	0	0	0
32	0452-0447	Oval	440	446	14	13	none	none	0	0	0	0	0
33	0430-0459	Oval	451	423	16	14	none	none	0	0	0	0	0
34	0388-0446	Oval	437	379	18	18	none	none	0	0	0	0	0
35	0339-0437	Oval	429	333	17	13	none	none	0	0	0	0	0
36	0563-0490	Oval	482	556	16	14	none	none	0	0	0	0	0
37	0559-0549	Oval	542	552	15	14	none	none	0	0	0	0	0
38	0582-0558	Oval	551	577	14	11	none	none	0	0	0	0	0
39	0564-0389	Oval	383	558	12	13	none	none	0	0	0	0	0
40	0443-0337	Oval	330	434	15	18	none	none	0	0	0	0	0
41	0413-0369	Oval	360	408	19	10	none	none	0	0	0	0	0
42	0419-0250	Oval	241	413	19	12	none	none	0	0	0	0	0
43	0324-0337	Oval	332	318	11	13	none	none	0	0	0	0	0
44	0288-0377	Oval	370	281	15	15	none	none	0	0	0	0	0
45	0386-0201	Oval	190	378	22	17	none	none	0	0	0	0	0
46	0484-0127	Oval	121	478	12	13	none	none	0	0	0	0	0
47	0408-0088	Oval	85	405	7	7	none	none	0	0	0	0	0
48	0414-0077	Oval	73	410	8	8	none	none	0	0	0	0	0
49	0426-0079	Oval	74	423	11	6	none	none	0	0	0	0	0
50	0403-0100	Oval	94	396	13	14	none	none	0	0	0	0	0
51	0357-0079	Oval	65	349	28	16	none	none	0	0	0	0	0
52	0321-0043	Oval	36	315	14	13	none	none	0	0	0	0	0
53	0322-0163	Oval	156	317	14	11	none	none	0	0	0	0	0
54	0482-0048	Oval	38	477	20	10	none	none	0	0	0	0	0
55	0512-0053	Oval	46	505	14	14	none	none	0	0	0	0	0
56	0650-0102	Oval	97	646	10	9	none	none	0	0	0	0	0
57	0634-0147	Oval	138	628	18	12	none	none	0	0	0	0	0
58	0648-0198	Oval	192	643	13	11	none	none	0	0	0	0	0
59	0696-0281	Oval	275	691	13	10	none	none	0	0	0	0	0
60	0728-0326	Oval	318	723	17	10	none	none	0	0	0	0	0
61	0652-0364	Oval	358	645	13	14	none	none	0	0	0	0	0
62	0756-0486	Oval	478	749	16	15	none	none	0	0	0	0	0
63	0889-0445	Oval	436	882	19	15	none	none	0	0	0	0	0
64	0937-0345	Oval	337	932	17	11	none	none	0	0	0	0	0
65	0883-0283	Oval	276	876	14	15	none	none	0	0	0	0	0
66	0845-0289	Oval	283	840	12	11	none	none	0	0	0	0	0
67	0834-0272	Oval	265	828	14	12	none	none	0	0	0	0	0
68	0821-0244	Oval	238	815	13	13	none	none	0	0	0	0	0
69	0868-0232	Oval	226	862	13	13	none	none	0	0	0	0	0
70	0869-0331	Oval	327	866	9	7	none	none	0	0	0	0	0
71	0879-0332	Oval	327	876	10	7	none	none	0	0	0	0	0
72	0963-0329	Oval	322	956	15	14	none	none	0	0	0	0	0
73	0910-0129	Oval	122	904	15	12	none	none	0	0	0	0	0
74	0999-0182	Oval	177	994	11	10	none	none	0	0	0	0	0
75	1013-0170	Oval	164	1009	13	9	none	none	0	0	0	0	0
76	1004-0241	Oval	235	998	12	12	none	none	0	0	0	0	0
77	0810-0089	Oval	85	806	9	9	none	none	0	0	0	0	0
78	0905-0015	Oval	6	899	18	13	none	none	0	0	0	0	0
79	0615-0023	Oval	16	608	14	15	none	none	0	0	0	0	0
80	0228-0144	Oval	132	216	25	24	none	none	0	0	0	0	0
81	0189-0034	Oval	25	182	18	15	none	none	0	0	0	0	0
82	0131-0086	Oval	79	123	15	17	none	none	0	0	0	0	0
83	0164-0224	Oval	213	156	22	16	none	none	0	0	0	0	0
84	0086-0221	Oval	212	73	18	26	none	none	0	0	0	0	0
85	0086-0137	Oval	128	79	18	14	none	none	0	0	0	0	0
86	0069-0104	Oval	95	61	18	16	none	none	0	0	0	0	0
87	0120-0257	Oval	253	116	9	9	none	none	0	0	0	0	0
88	0033-0308	Oval	299	26	19	15	none	none	0	0	0	0	0
89	0070-0443	Oval	437	65	12	11	none	none	0	0	0	0	0
90	0073-0456	Oval	452	65	9	16	none	none	0	0	0	0	0
91	0184-0548	Oval	542	179	12	10	none	none	0	0	0	0	0
92	0462-0763	Oval	757	453	12	18	none	none	0	0	0	0	0
93	0492-0712	Oval	705	482	15	20	none	none	0	0	0	0	0
94	0394-0876	Oval	870	388	13	12	none	none	0	0	0	0	0
95	0385-0888	Oval	884	382	8	7	none	none	0	0	0	0	0
96	0386-0845	Oval	837	377	16	19	none	none	0	0	0	0	0
97	0476-0878	Oval	871	464	15	25	none	none	0	0	0	0	0
98	0522-0919	Oval	911	515	16	14	none	none	0	0	0	0	0
99	0543-0852	Oval	845	537	15	13	none	none	0	0	0	0	0
100	0532-1002	Oval	997	525	11	14	none	none	0	0	0	0	0
101	0633-1009	Oval	1002	625	15	16	none	none	0	0	0	0	0
102	0661-0889	Oval	879	655	21	12	none	none	0	0	0	0	0
103	0761-0828	Oval	822	754	13	15	none	none	0	0	0	0	0
104	0788-0834	Oval	826	781	16	15	none	none	0	0	0	0	0
105	0876-0875	Oval	865	868	21	16	none	none	0	0	0	0	0
106	0847-0740	Oval	734	842	12	10	none	none	0	0	0	0	0
107	0830-0741	Oval	735	826	13	9	none	none	0	0	0	0	0
108	0939-0653	Oval	649	934	9	10	none	none	0	0	0	0	0
109	0826-0623	Oval	617	819	12	14	none	none	0	0	0	0	0
110	0865-0502	Oval	494	860	17	11	none	none	0	0	0	0	0
111	0958-0534	Oval	528	952	13	13	none	none	0	0	0	0	0
112	1005-0629	Oval	623	999	13	12	none	none	0	0	0	0	0
113	0609-0241	Oval	233	601	17	17	none	none	0	0	0	0	0
114	0510-0358	Oval	351	503	15	15	none	none	0	0	0	0	0
115	0576-0311	Oval	303	570	16	12	none	none	0	0	0	0	0
116	0390-0607	Oval	602	385	11	10	none	none	0	0	0	0	0
117	0290-0694	Oval	689	287	10	7	none	none	0	0	0	0	0
118	0071-0736	Oval	727	61	19	21	none	none	0	0	0	0	0
119	0030-0763	Oval	758	24	11	13	none	none	0	0	0	0	0
120	0015-0692	Oval	681	8	23	15	none	none	0	0	0	0	0
121	0070-0689	Oval	682	65	14	11	none	none	0	0	0	0	0
122	0158-0382	Oval	379	154	6	8	none	none	0	0	0	0	0
123	0654-0771	Oval	760	639	22	30	none	none	0	0	0	0	0
124	0767-0778	Oval	766	755	24	24	none	none	0	0	0	0	0
125	0743-0655	Oval	644	733	22	21	none	none	0	0	0	0	0
126	0661-0669	Oval	660	647	18	28	none	none	0	0	0	0	0
127	0629-0687	Oval	675	616	25	27	none	none	0	0	0	0	0
128	0595-0776	Oval	766	583	20	24	none	none	0	0	0	0	0
129	0323-0864	Oval	857	313	15	21	none	none	0	0	0	0	0
130	0283-0905	Oval	896	273	18	20	none	none	0	0	0	0	0
131	0261-0957	Oval	946	248	23	27	none	none	0	0	0	0	0
132	0366-0999	Oval	988	358	22	17	none	none	0	0	0	0	0
133	0409-1004	Oval	998	399	12	21	none	none	0	0	0	0	0
134	0504-0943	Oval	933	496	21	17	none	none	0	0	0	0	0
135	0522-0905	Oval	901	516	8	13	none	none	0	0	0	0	0
136	0675-0616	Oval	606	665	21	21	none	none	0	0	0	0	0
137	0527-0521	Oval	512	518	18	18	none	none	0	0	0	0	0
138	0724-0477	Oval	470	718	15	12	none	none	0	0	0	0	0
139	0703-0479	Oval	473	695	13	16	none	none	0	0	0	0	0
140	0708-0463	Oval	457	701	13	14	none	none	0	0	0	0	0
141	0619-0064	Oval	56	612	17	15	none	none	0	0	0	0	0
142	0529-0152	Oval	138	522	28	15	none	none	0	0	0	0	0
143	0100-0035	Oval	28	92	15	16	none	none	0	0	0	0	0
144	1013-0479	Oval	470	1008	19	11	none	none	0	0	0	0	0
145	0617-0579	Oval	571	608	16	19	none	none	0	0	0	0	0
146	0196-0848	Oval	842	186	12	20	none	none	0	0	0	0	0
147	0170-0907	Oval	900	160	14	20	none	none	0	0	0	0	0
148	0233-0898	Oval	888	223	20	20	none	none	0	0	0	0	0
149	0163-0800	Oval	793	155	14	17	none	none	0	0	0	0	0
150	0103-0805	Oval	792	88	26	30	none	none	0	0	0	0	0
151	0011-0937	Oval	926	2	23	19	none	none	0	0	0	0	0
152	0057-0852	Oval	845	50	15	14	none	none	0	0	0	0	0
153	0030-0852	Oval	840	20	25	20	none	none	0	0	0	0	0
154	0018-0810	Oval	799	10	23	16	none	none	0	0	0	0	0
155	0005-0764	Oval	754	0	20	10	none	none	0	0	0	0	0
156	0139-0629	Oval	622	130	14	18	none	none	0	0	0	0	0
157	0214-0684	Oval	675	207	19	14	none	none	0	0	0	0	0
158	0210-0937	Oval	924	204	26	13	none	none	0	0	0	0	0
159	0170-0951	Oval	943	161	16	19	none	none	0	0	0	0	0
160	0149-0925	Oval	918	143	14	13	none	none	0	0	0	0	0
161	0147-0819	Oval	810	138	18	18	none	none	0	0	0	0	0
162	0093-0690	Oval	680	85	20	17	none	none	0	0	0	0	0
163	0067-0637	Oval	629	60	16	15	none	none	0	0	0	0	0
164	0282-0647	Oval	641	277	12	11	none	none	0	0	0	0	0
165	0363-0592	Oval	587	357	10	12	none	none	0	0	0	0	0
166	0747-0958	Oval	945	735	27	25	none	none	0	0	0	0	0
167	0074-0154	Oval	146	68	16	12	none	none	0	0	0	0	0
168	0085-0355	Oval	347	76	16	19	none	none	0	0	0	0	0
169	0202-0470	Oval	460	194	21	16	none	none	0	0	0	0	0
170	0308-0456	Oval	447	300	18	16	none	none	0	0	0	0	0
171	0787-0810	Oval	802	778	17	18	none	none	0	0	0	0	0
172	1011-0224	Oval	216	1005	16	12	none	none	0	0	0	0	0
173	1018-0284	Oval	277	1012	14	12	none	none	0	0	0	0	0
174	1011-0318	Oval	310	1002	16	18	none	none	0	0	0	0	0
175	0937-0373	Oval	368	931	10	12	none	none	0	0	0	0	0
176	0911-0444	Oval	436	903	17	17	none	none	0	0	0	0	0
177	0994-0170	Oval	167	991	7	7	none	none	0	0	0	0	0
178	0507-0312	Oval	306	497	13	20	none	none	0	0	0	0	0
179	0405-0166	Oval	158	396	16	18	none	none	0	0	0	0	0
180	0657-0118	Oval	113	653	10	9	none	none	0	0	0	0	0
181	0660-0043	Oval	38	652	10	16	none	none	0	0	0	0	0
182	0506-0115	Oval	109	501	13	11	none	none	0	0	0	0	0
183	0283-0082	Oval	74	278	16	11	none	none	0	0	0	0	0
184	0304-0041	Oval	35	299	13	11	none	none	0	0	0	0	0
185	0528-0714	Oval	704	520	20	16	none	none	0	0	0	0	0
186	0899-0220	Oval	212	891	16	16	none	none	0	0	0	0	0
187	0470-0253	Oval	244	462	18	16	none	none	0	0	0	0	0
