0	0179-0784	Oval	774	172	20	14	none	none	0	0	0	0	0
1	0205-0866	Oval	857	197	18	16	none	none	0	0	0	0	0
2	0130-0906	Oval	901	126	11	9	none	none	0	0	0	0	0
3	0131-0932	Oval	927	125	10	12	none	none	0	0	0	0	0
4	0146-0770	Oval	763	139	14	15	none	none	0	0	0	0	0
5	0259-0786	Oval	780	252	13	15	none	none	0	0	0	0	0
6	0256-0733	Oval	724	249	19	15	none	none	0	0	0	0	0
7	0029-0742	Oval	735	22	15	14	none	none	0	0	0	0	0
8	0009-0760	Oval	756	4	8	10	none	none	0	0	0	0	0
9	0004-0894	Oval	889	0	11	8	none	none	0	0	0	0	0
10	0347-0824	Oval	817	339	15	17	none	none	0	0	0	0	0
11	0377-0923	Oval	914	371	18	13	none	none	0	0	0	0	0
12	0330-0799	Oval	792	326	14	8	none	none	0	0	0	0	0
13	0344-0808	Oval	804	339	9	10	none	none	0	0	0	0	0
14	0338-0778	Oval	771	333	14	11	none	none	0	0	0	0	0
15	0326-0731	Oval	725	320	12	12	none	none	0	0	0	0	0
16	0394-0815	Oval	809	388	12	12	none	none	0	0	0	0	0
17	0423-0854	Oval	847	417	15	12	none	none	0	0	0	0	0
18	0165-0641	Oval	633	159	16	13	none	none	0	0	0	0	0
19	0402-0732	Oval	727	396	10	13	none	none	0	0	0	0	0
20	0440-0818	Oval	809	434	19	13	none	none	0	0	0	0	0
21	0449-0868	Oval	858	442	21	15	none	none	0	0	0	0	0
22	0460-0711	Oval	704	456	14	8	none	none	0	0	0	0	0
23	0222-0626	Oval	620	213	12	18	none	none	0	0	0	0	0
24	0316-0675	Oval	672	312	7	8	none	none	0	0	0	0	0
25	0324-0672	Oval	668	321	8	7	none	none	0	0	0	0	0
26	0340-0676	Oval	672	335	9	11	none	none	0	0	0	0	0
27	0368-0654	Oval	648	365	12	7	none	none	0	0	0	0	0
28	0356-0628	Oval	624	350	9	12	none	none	0	0	0	0	0
29	0460-0672	Oval	666	455	13	11	none	none	0	0	0	0	0
30	0463-0744	Oval	734	455	20	16	none	none	0	0	0	0	0
31	0457-0798	Oval	794	453	9	9	none	none	0	0	0	0	0
32	0467-0817	Oval	810	461	14	12	none	none	0	0	0	0	0
33	0479-0838	Oval	832	474	13	11	none	none	0	0	0	0	0
34	0590-0872	Oval	863	582	19	16	none	none	0	0	0	0	0
35	0613-0833	Oval	830	607	7	13	none	none	0	0	0	0	0
36	0543-0980	Oval	976	536	8	14	none	none	0	0	0	0	0
37	0586-0930	Oval	924	580	13	13	none	none	0	0	0	0	0
38	0438-0992	Oval	986	433	12	10	none	none	0	0	0	0	0
39	0420-0999	Oval	993	414	12	13	none	none	0	0	0	0	0
40	0405-1010	Oval	1006	399	8	12	none	none	0	0	0	0	0
41	0398-0989	Oval	982	391	14	15	none	none	0	0	0	0	0
42	0399-0952	Oval	946	393	12	12	none	none	0	0	0	0	0
43	0413-0951	Oval	943	408	16	10	none	none	0	0	0	0	0
44	0507-1008	Oval	1004	502	9	10	none	none	0	0	0	0	0
45	0528-0890	Oval	878	522	24	13	none	none	0	0	0	0	0
46	0445-0598	Oval	594	440	9	11	none	none	0	0	0	0	0
47	0442-0581	Oval	575	437	12	10	none	none	0	0	0	0	0
48	0353-0528	Oval	523	349	11	9	none	none	0	0	0	0	0
49	0602-0723	Oval	717	596	13	12	none	none	0	0	0	0	0
50	0593-0745	Oval	736	586	18	14	none	none	0	0	0	0	0
51	0586-0637	Oval	631	582	13	9	none	none	0	0	0	0	0
52	0690-0711	Oval	702	682	19	17	none	none	0	0	0	0	0
53	0742-0741	Oval	737	736	9	13	none	none	0	0	0	0	0
54	0767-0766	Oval	757	758	19	18	none	none	0	0	0	0	0
55	0765-0692	Oval	684	760	16	10	none	none	0	0	0	0	0
56	0769-0658	Oval	651	762	15	14	none	none	0	0	0	0	0
57	0817-0670	Oval	664	809	12	16	none	none	0	0	0	0	0
58	0841-0723	Oval	713	836	20	10	none	none	0	0	0	0	0
59	0701-0785	Oval	777	696	17	11	none	none	0	0	0	0	0
60	0648-0849	Oval	842	641	15	14	none	none	0	0	0	0	0
61	0466-0791	Oval	786	461	11	10	none	none	0	0	0	0	0
62	0450-0493	Oval	486	444	15	13	none	none	0	0	0	0	0
63	0400-0429	Oval	422	394	15	13	none	none	0	0	0	0	0
64	0356-0435	Oval	430	351	11	11	none	none	0	0	0	0	0
65	0356-0418	Oval	410	350	16	12	none	none	0	0	0	0	0
66	0376-0400	Oval	391	369	18	14	none	none	0	0	0	0	0
67	0483-0386	Oval	380	475	13	16	none	none	0	0	0	0	0
68	0400-0360	Oval	353	393	15	15	none	none	0	0	0	0	0
69	0289-0611	Oval	605	282	12	15	none	none	0	0	0	0	0
70	0227-0451	Oval	446	221	11	13	none	none	0	0	0	0	0
71	0167-0455	Oval	450	162	10	10	none	none	0	0	0	0	0
72	0230-0362	Oval	351	223	23	14	none	none	0	0	0	0	0
73	0329-0286	Oval	274	321	25	16	none	none	0	0	0	0	0
74	0231-0264	Oval	259	225	10	13	none	none	0	0	0	0	0
75	0224-0314	Oval	304	218	20	12	none	none	0	0	0	0	0
76	0262-0211	Oval	206	257	11	11	none	none	0	0	0	0	0
77	0323-0223	Oval	216	316	14	14	none	none	0	0	0	0	0
78	0350-0233	Oval	226	343	14	15	none	none	0	0	0	0	0
79	0400-0183	Oval	176	395	14	11	none	none	0	0	0	0	0
80	0508-0152	Oval	146	503	12	11	none	none	0	0	0	0	0
81	0513-0247	Oval	239	506	17	15	none	none	0	0	0	0	0
82	0550-0195	Oval	190	544	10	13	none	none	0	0	0	0	0
83	0530-0116	Oval	108	525	16	10	none	none	0	0	0	0	0
84	0473-0105	Oval	98	466	14	14	none	none	0	0	0	0	0
85	0310-0112	Oval	107	304	10	12	none	none	0	0	0	0	0
86	0386-0096	Oval	89	379	15	14	none	none	0	0	0	0	0
87	0375-0129	Oval	124	369	11	12	none	none	0	0	0	0	0
88	0599-0218	Oval	213	595	10	8	none	none	0	0	0	0	0
89	0556-0135	Oval	123	548	25	16	none	none	0	0	0	0	0
90	0446-0251	Oval	242	439	19	14	none	none	0	0	0	0	0
91	0440-0142	Oval	132	432	20	17	none	none	0	0	0	0	0
92	0631-0044	Oval	36	625	17	12	none	none	0	0	0	0	0
93	0675-0017	Oval	9	669	16	13	none	none	0	0	0	0	0
94	0759-0186	Oval	176	753	20	13	none	none	0	0	0	0	0
95	0710-0305	Oval	295	703	21	14	none	none	0	0	0	0	0
96	0697-0387	Oval	377	689	20	16	none	none	0	0	0	0	0
97	0707-0484	Oval	479	701	10	12	none	none	0	0	0	0	0
98	0616-0475	Oval	469	609	12	15	none	none	0	0	0	0	0
99	0622-0443	Oval	435	618	16	9	none	none	0	0	0	0	0
100	0587-0454	Oval	445	581	18	12	none	none	0	0	0	0	0
101	0550-0462	Oval	458	545	9	11	none	none	0	0	0	0	0
102	0591-0534	Oval	526	586	16	11	none	none	0	0	0	0	0
103	0589-0549	Oval	544	585	11	9	none	none	0	0	0	0	0
104	0549-0558	Oval	550	544	17	11	none	none	0	0	0	0	0
105	0630-0586	Oval	578	623	17	15	none	none	0	0	0	0	0
106	0555-0412	Oval	402	548	20	14	none	none	0	0	0	0	0
107	0691-0544	Oval	537	682	14	18	none	none	0	0	0	0	0
108	0746-0540	Oval	534	737	13	19	none	none	0	0	0	0	0
109	0725-0466	Oval	459	718	14	14	none	none	0	0	0	0	0
110	0762-0448	Oval	438	754	21	17	none	none	0	0	0	0	0
111	0782-0387	Oval	379	773	16	19	none	none	0	0	0	0	0
112	0806-0314	Oval	310	799	9	15	none	none	0	0	0	0	0
113	0802-0461	Oval	455	796	13	12	none	none	0	0	0	0	0
114	0805-0528	Oval	519	800	18	11	none	none	0	0	0	0	0
115	0809-0560	Oval	551	802	19	15	none	none	0	0	0	0	0
116	0779-0563	Oval	556	773	15	13	none	none	0	0	0	0	0
117	0780-0613	Oval	608	774	11	13	none	none	0	0	0	0	0
118	0757-0612	Oval	605	752	15	10	none	none	0	0	0	0	0
119	0767-0594	Oval	587	761	14	13	none	none	0	0	0	0	0
120	0709-0520	Oval	510	702	20	15	none	none	0	0	0	0	0
121	0659-0646	Oval	635	651	23	16	none	none	0	0	0	0	0
122	0769-0549	Oval	542	764	15	11	none	none	0	0	0	0	0
123	0482-0539	Oval	535	477	8	11	none	none	0	0	0	0	0
124	0816-0235	Oval	226	806	19	20	none	none	0	0	0	0	0
125	0852-0138	Oval	129	844	19	16	none	none	0	0	0	0	0
126	0896-0150	Oval	143	886	15	20	none	none	0	0	0	0	0
127	0944-0185	Oval	177	933	16	22	none	none	0	0	0	0	0
128	0989-0231	Oval	215	975	33	28	none	none	0	0	0	0	0
129	0877-0117	Oval	107	868	21	18	none	none	0	0	0	0	0
130	0837-0053	Oval	40	826	26	23	none	none	0	0	0	0	0
131	0941-0060	Oval	51	934	18	14	none	none	0	0	0	0	0
132	0916-0017	Oval	9	910	17	12	none	none	0	0	0	0	0
133	0543-0079	Oval	74	538	10	10	none	none	0	0	0	0	0
134	0381-0066	Oval	56	373	20	16	none	none	0	0	0	0	0
135	0280-0331	Oval	325	275	13	10	none	none	0	0	0	0	0
136	0128-0291	Oval	283	119	16	18	none	none	0	0	0	0	0
137	0097-0289	Oval	283	90	13	15	none	none	0	0	0	0	0
138	0023-0381	Oval	373	17	17	13	none	none	0	0	0	0	0
139	0084-0258	Oval	251	77	15	15	none	none	0	0	0	0	0
140	0089-0238	Oval	231	84	15	11	none	none	0	0	0	0	0
141	0095-0167	Oval	161	89	12	12	none	none	0	0	0	0	0
142	0121-0190	Oval	183	112	14	18	none	none	0	0	0	0	0
143	0136-0166	Oval	161	129	10	14	none	none	0	0	0	0	0
144	0163-0147	Oval	135	155	25	16	none	none	0	0	0	0	0
145	0016-0114	Oval	104	10	21	13	none	none	0	0	0	0	0
146	0075-0060	Oval	52	67	17	17	none	none	0	0	0	0	0
147	0128-0013	Oval	4	120	19	16	none	none	0	0	0	0	0
148	0851-0469	Oval	459	843	20	16	none	none	0	0	0	0	0
149	0913-0537	Oval	530	907	14	13	none	none	0	0	0	0	0
150	0866-0537	Oval	528	859	19	15	none	none	0	0	0	0	0
151	0936-0697	Oval	691	927	12	18	none	none	0	0	0	0	0
152	0932-0546	Oval	536	924	20	17	none	none	0	0	0	0	0
153	0961-0541	Oval	534	954	14	15	none	none	0	0	0	0	0
154	0900-0457	Oval	448	895	18	11	none	none	0	0	0	0	0
155	0939-0508	Oval	499	932	18	14	none	none	0	0	0	0	0
156	0991-0775	Oval	766	984	18	14	none	none	0	0	0	0	0
157	1002-0761	Oval	756	997	11	10	none	none	0	0	0	0	0
158	0821-0833	Oval	827	814	13	15	none	none	0	0	0	0	0
159	0983-0666	Oval	661	977	11	12	none	none	0	0	0	0	0
160	0985-0647	Oval	641	979	12	13	none	none	0	0	0	0	0
161	1003-0634	Oval	629	999	10	8	none	none	0	0	0	0	0
162	0768-1005	Oval	1002	763	7	10	none	none	0	0	0	0	0
163	0782-0993	Oval	987	775	12	14	none	none	0	0	0	0	0
164	0778-1016	Oval	1012	770	8	16	none	none	0	0	0	0	0
165	0960-0952	Oval	945	952	15	17	none	none	0	0	0	0	0
166	0979-1002	Oval	995	973	15	13	none	none	0	0	0	0	0
167	0928-0856	Oval	848	920	17	16	none	none	0	0	0	0	0
168	0973-0865	Oval	856	965	18	17	none	none	0	0	0	0	0
169	0975-0804	Oval	798	969	12	12	none	none	0	0	0	0	0
170	0723-0900	Oval	892	717	17	13	none	none	0	0	0	0	0
171	0532-0831	Oval	819	521	24	22	none	none	0	0	0	0	0
172	0863-0607	Oval	597	853	20	20	none	none	0	0	0	0	0
173	0723-0581	Oval	573	715	17	17	none	none	0	0	0	0	0
174	0733-0516	Oval	504	725	24	16	none	none	0	0	0	0	0
175	0777-0486	Oval	478	773	17	8	none	none	0	0	0	0	0
176	0867-0713	Oval	705	860	17	15	none	none	0	0	0	0	0
177	0652-0791	Oval	783	642	16	20	none	none	0	0	0	0	0
178	0369-0511	Oval	506	363	11	12	none	none	0	0	0	0	0
179	0450-0438	Oval	425	439	26	22	none	none	0	0	0	0	0
180	0693-0265	Oval	253	683	25	20	none	none	0	0	0	0	0
181	0776-0343	Oval	334	770	18	13	none	none	0	0	0	0	0
182	0235-1001	Oval	995	228	12	14	none	none	0	0	0	0	0
183	0228-1016	Oval	1010	222	12	13	none	none	0	0	0	0	0
184	0083-0689	Oval	680	75	18	17	none	none	0	0	0	0	0
185	0034-0720	Oval	712	28	16	13	none	none	0	0	0	0	0
186	0071-0610	Oval	600	62	20	18	none	none	0	0	0	0	0
187	0111-0565	Oval	554	102	22	18	none	none	0	0	0	0	0
188	0111-0565-1	Oval	554	102	22	18	none	none	0	0	0	0	0
189	0091-0506	Oval	492	82	28	18	none	none	0	0	0	0	0
190	0046-0448	Oval	442	41	13	11	none	none	0	0	0	0	0
191	0095-0425	Oval	419	89	13	13	none	none	0	0	0	0	0
192	0210-0296	Oval	290	202	13	17	none	none	0	0	0	0	0
193	0183-0359	Oval	353	179	12	8	none	none	0	0	0	0	0
194	0756-0045	Oval	36	747	19	19	none	none	0	0	0	0	0
195	0516-0111	Oval	105	510	13	13	none	none	0	0	0	0	0
196	0561-0080	Oval	70	554	20	15	none	none	0	0	0	0	0
197	0332-0931	Oval	917	321	28	23	none	none	0	0	0	0	0
198	0081-0958	Oval	949	75	19	12	none	none	0	0	0	0	0
199	0703-0229	Oval	219	696	21	14	none	none	0	0	0	0	0
200	0885-0341	Oval	334	878	15	15	none	none	0	0	0	0	0
201	0797-0438	Oval	432	789	13	16	none	none	0	0	0	0	0
202	0878-0487	Oval	480	869	14	18	none	none	0	0	0	0	0
203	0457-0195	Oval	182	446	27	23	none	none	0	0	0	0	0
204	0397-0396	Oval	386	388	20	19	none	none	0	0	0	0	0
205	0477-0484	Oval	474	467	21	21	none	none	0	0	0	0	0
206	0323-0091	Oval	80	314	22	19	none	none	0	0	0	0	0
207	0681-0823	Oval	815	673	17	16	none	none	0	0	0	0	0
208	0479-0856	Oval	845	470	23	18	none	none	0	0	0	0	0
209	0807-0779	Oval	770	799	18	16	none	none	0	0	0	0	0
210	0879-0737	Oval	729	870	17	18	none	none	0	0	0	0	0
211	0590-0711	Oval	701	585	20	11	none	none	0	0	0	0	0
212	0592-0473	Oval	465	587	16	10	none	none	0	0	0	0	0
213	0593-0236	Oval	228	587	16	13	none	none	0	0	0	0	0
214	0814-0391	Oval	382	807	18	15	none	none	0	0	0	0	0
215	0356-0068	Oval	60	349	17	15	none	none	0	0	0	0	0
216	0361-0100	Oval	93	355	15	13	none	none	0	0	0	0	0
217	0338-0198	Oval	192	333	12	11	none	none	0	0	0	0	0
218	0334-0164	Oval	159	329	11	10	none	none	0	0	0	0	0
219	0470-0033	Oval	23	462	20	16	none	none	0	0	0	0	0
220	0495-0335	Oval	324	486	22	18	none	none	0	0	0	0	0
221	0602-0271	Oval	261	593	21	19	none	none	0	0	0	0	0
222	1000-0396	Oval	390	995	12	11	none	none	0	0	0	0	0
223	1013-0403	Oval	398	1009	10	8	none	none	0	0	0	0	0
224	0435-0882	Oval	877	430	11	11	none	none	0	0	0	0	0
225	0779-0143	Oval	137	774	13	10	none	none	0	0	0	0	0
226	0832-0158	Oval	152	827	13	11	none	none	0	0	0	0	0
227	0850-0293	Oval	286	845	14	10	none	none	0	0	0	0	0
228	0556-0208	Oval	205	553	7	6	none	none	0	0	0	0	0
229	0014-0032	Oval	26	8	13	13	none	none	0	0	0	0	0
230	0243-0302	Oval	296	240	12	7	none	none	0	0	0	0	0
231	0195-0735	Oval	729	188	13	14	none	none	0	0	0	0	0
232	0187-0749	Oval	741	179	17	17	none	none	0	0	0	0	0
233	0462-0132	Oval	125	455	15	14	none	none	0	0	0	0	0
234	0352-0673	Oval	668	347	10	10	none	none	0	0	0	0	0
235	0361-0663	Oval	659	358	9	7	none	none	0	0	0	0	0
236	0610-0740	Oval	734	604	13	12	none	none	0	0	0	0	0
237	0832-0791	Oval	782	822	19	20	none	none	0	0	0	0	0
